signed char w1 [] = {
36,30,-13,8,22,-10,-53,-51,-13,-24,16,0,-23,20,-39,7,
-40,-1,-16,20,-21,-61,-17,-15,-54,-8,-45,-18,-51,-4,-8,30,
7,-29,-38,-5,-36,-50,-35,16,-87,-73,35,19,35,26,23,1,
-15,15,-8,-12,-2,-7,19,20,13,25,-21,12,20,-3,26,7,
-42,-42,-26,-33,10,13,66,55,16,31,-17,-22,-7,15,-10,-32,
-25,-5,-4,23,-14,32,-41,-22,37,-8,13,25,-22,-4,-10,0,
-24,34,-32,-26,20,-29,21,26,31,31,8,-5,-15,-5,42,51,
-45,-58,-55,-34,41,42,38,-3,-16,23,-54,-36,46,-1,-22,-48,
1,-42,8,-54,1,35,-36,-1,-7,-4,41,-5,27,-8,22,24,
19,-27,10,-47,-22,2,-67,-27,20,23,23,31,37,26,26,-3,
19,41,44,41,12,-30,-48,-64,0,32,20,54,26,-43,-21,46,
7,-20,-8,29,-13,40,-2,31,-32,-22,-31,-22,3,6,65,60,
-28,-12,3,4,-46,-25,48,46,14,-31,6,-19,-57,-8,24,55,
-43,0,10,27,38,-7,-44,-61,15,-11,48,31,43,17,-92,-84,
19,37,37,-9,14,-15,0,-40,-70,-51,-50,-56,16,-29,-7,8,
3,25,-27,-4,-11,22,-20,-26,-56,-34,26,12,-8,22,-42,-5,
-7,40,-10,23,6,21,24,11,22,-20,-32,-14,-22,4,-10,-22,
-3,11,-7,-40,30,-19,58,17,28,8,-25,-35,47,31,44,12,
-38,-18,-21,-38,6,32,-36,27,-12,28,9,22,43,51,-46,-55,
15,-7,46,22,-7,-15,-86,-36,15,8,57,78,46,7,-26,24,
8,35,21,-41,-24,4,-22,-4,11,23,-21,-44,54,10,36,34,
5,18,0,-41,-14,-37,71,57,-2,-17,-15,-3,-16,-2,-26,19,
34,-24,28,11,9,62,-4,2,-18,15,-17,-3,16,39,36,7,
-18,-34,-24,-10,-8,-1,-54,-8,37,-3,16,20,-39,-39,-10,-20,
21,30,-49,-27,-28,-43,-14,49,-9,9,-4,4,9,-36,42,28,
7,-13,-26,-28,33,7,25,-16,-27,11,37,5,-19,-12,-32,-17,
13,-34,-18,-38,-25,-33,47,-1,-11,16,-36,-41,-62,-47,35,38,
19,-37,24,-38,-31,-14,-86,-71,-32,-7,0,23,-49,-44,-49,-41,
20,-28,-9,-31,39,-13,94,75,21,-21,-23,34,-4,-19,-29,-5,
6,-34,-30,-9,21,-28,-12,9,-33,-49,50,54,20,58,33,-25,
28,2,-15,-29,-46,-51,-9,-32,-19,-31,54,33,-55,-42,-22,4,
-14,-37,35,27,-17,-14,8,34,0,4,-36,-17,-18,9,-28,23,
0,0,0,0,0,0,0,0,0,0,0,0,0,0,0,0,0,0,0,0,0,0,0,0,0,0,0,0,0,0,0,0,0,0,0,0,0,0,0,0,0,0,0,0,0,0,0,0,0,0,0,0,0,0,0,0,0,0,0,0,0,0,0,0,0,0,0,0,0,0,0,0,0,0,0,0,0,0,0,0,0,0,0,0,0,0,0,0,0,0,0,0,0,0,0,0,0,0,0,0,0,0,0,0,0,0,0,0,0,0,0,0,0,0,0,0,0,0,0,0,0,0,0,0,0,0,0,0,0,0,0,0,0,0,0,0,0,0,0,0,0,0,0,0,0,0,0,0,0,0,0,0,0,0,0,0,0,0,0,0,0,0,0,0,0,0,0,0,0,0,0,0,0,0,0,0,0,0,0,0,0,0,0,0,0,0,0,0,0,0,0,0,0,0,0,0,0,0,0,0,0,0,0,0,0,0,0,0,0,0,0,0,0,0,0,0,0,0,0,0,0,0,0,0,0,0,0,0,0,0,0,0,0,0,0,0,0,0,0,0,0,0,0,0,0,0,0,0,0,0,0,0,0,0,0,0,0,0,0,0,0,0,0,0,0,0,0,0,0,0,0,0,0,0,0,0,0,0,0,0,0,0,0,0,0,0,0,0,0,0,0,0,0,0,0,0,0,0,0,0,0,0,0,0,0,0,0,0,0,0,0,0,0,0,0,0,0,0,0,0,0,0,0,0,0,0,0,0,0,0,0,0,0,0,0,0,0,0,0,0,0,0,0,0,0,0,0,0,0,0,0,0,0,0,0,0,0,0,0,0,0,0,0,0,0,0,0,0,0,0,0,0,0,0,0,0,0,0,0,0,0,0,0,0,0,0,0,0,0,0,0,0,0,0,0,0,0,0,0,0,0,0,0,0,0,0,0,0,0,0,0,0,0,0,0,0,0,0,0,0,0,0,0,0,0,0,0,0,0,0,0,0,0,0,0,0,0,0,0,0,0,0,0,0,0,0,0,0,0,0,0,0,0,0,0,0,0,0,0,0,0,0,0,0,0,0,0,0,0,0,0,0,0,0,0,0,0,0,0,0,0,0,0,0,0,0,0,0,0,0,0,0,0,0,0,0,0,0,0,0,0,0,0,0,0,0,0,0,0,0,0,0,0,0,0,0,0,0,0,0,0,0,0,0,0,0,0,0,0,0,0,0,0,0,0,0,0,0,0,0,0,0,0,0,0,0,0,0,0,0,0,0,0,0,0,0,0,0,0,0,0,0,0,0,0,0,0,0,0,0,0,0,0,0,0,0,0,0,0,0,0,0,0,0,0,0,0,0,0,0,0,0,0,0,0,0,0,0,0,0,0,0,0,0,0,0,0,0,0,0,0,0,0,0,0,0,0,0,0,0,0,0,0,0,0,0,0,0,0,0,0,0,0,0,0,0,0,0,0,0,0,0,0,0,0,0,0,0,0,0,0,0,0,0,0,0,0,0,0,0,0,0,0,0,0,0,0,0,0,0,0,0,0,0,0,0,0,0,0,0,0,0,0,0,0,0,0,0,0,0,0,0,0,0,0,0,0,0,0,0,0,0,0,0,0,0,0,0,0,0,0,0,0,0,0,0,0,0,0,0,0,0,0,0,0,0,0,0,0,0,0,0,0,0,0,0,0,0,0,0,0,0,0,0,0,0,0,0,0,0,0,0,0,0,0,0,0,0,0,0,0,0,0,0,0,0,0,0,0,0,0,0,0,0,0,0,0,0,0,0,0,0,0,0,0,0,0,0,0,0,0,0,0,0,0,0,0,0,0,0,0,0,0,0,0,0,0,0,0,0,0,0,0,0,0,0,0,0,0,0,0,0,0,0,0,0,0,0,0,0,0,0,0,0,0,0,0,0,0,0,0,0,0,0,0,0,0,0,0,0,0,0,0,0,0,0,0,0,0,0,0,0,0,0,0,0,0,0,0,0,0,0,0,0,0,0,0,0,0,0,0,0,0,0,0,0,0,0,0,0,0,0,0,0,0,0,0,0,0,0,0,0,0,0,0,0,0,0,0,0,0,0,0,0,0,0,0,0,0,0,0,0,0,0,0,0,0,0,0,0,0,0,0,0,0,0,0,0,0,0,0,0,0,0,0,0,0,0,0,0,0,0,0,0,0,0,0,0,0,0,0,0,0,0,0,0,0,0,0,0,0,0,0,0,0,0,0,0,0,0,0,0,0,0,0,0,0,0,0,0,0,0,0,0,0,0,0,0,0,0,0,0,0,0,0,0,0,0,0,0,0,0,0,0,0,0,0,0,0,0,0,0,0,0,0,0,0,0,0,0,0,0,0,0,0,0,0,0,0,0,0,0,0,0,0,0,0,0,0,0,0,0,0,0,0,0,0,0,0,0,0,0,0,0,0,0,0,0,0,0,0,0,0,0,0,0,0,0,0,0,0,0,0,0,0,0,0,0,0,0,0,0,0,0,0,0,0,0,0,0,0,0,0,0,0,0,0,0,0,0,0,0,0,0,0,0,0,0,0,0,0,0,0,0,0,0,0,0,0,0,0,0,0,0,0,0,0,0,0,0,0,0,0,0,0,0,0,0,0,0,0,0,0,0,0,0,0,0,0,0,0,0,0,0,0,0,0,0,0,0,0,0,0,0,0,0,0,0,0,0,0,0,0,0,0,0,0,0,0,0,0,0,0,0,0,0,0,0,0,0,0,0,0,0,0,0,0,0,0,0,0,0,0,0,0,0,0,0,0,0,0,0,0,0,0,0,0,0,0,0,0,0,0,0,0,0,0,0,0,0,0,0,0,0,0,0,0,0,0,0,0,0,0,0,0,0,0,0,0,0,0,0,0,0,0,0,0,0,0,0,0,0,0,0,0,0,0,0,0,0,0,0,0,0,0,0,0,0,0,0,0,0,0,0,0,0,0,0,0,0,0,0,0,0,0,0,0,0,0,0,0,0,0,0,0,0,0,0,0,0,0,0,0,0,0,0,0,0,0,0,0,0,0,0,0,0,0,0,0,0,0,0,0,0,0,0,0,0,0,0,0,0,0,0,0,0,0,0,0,0,0,0,0,0,0,0,0,0,0,0,0,0,0,0,0,0,0,0,0,0,0,0,0,0,0,0,0,0,0,0,0,0,0,0,0,0,0,0,0,0,0,0,0,0,0,0,0,0,0,0,0,0,0,0,0,0,0,0,0,0,0,0,0,0,0,0,0,0,0,0,0,0,0,0,0,0,0,0,0,0,0,0,0,0,0,0,0,0,0,0,0,0,0,0,0,0,0,0,0,0,0,0,0,0,0,0,0,0,0,0,0,0,0,0,0,0,0,0,0,0,0,0,0,0,0,0,0,0,0,0,0,0,0,0,0,0,0,0,0,0,0,0,0,0,0,0,0,0,0,0,0,0,0,0,0,0,0,0,0,0,0,0,0,0,0,0,0,0,0,0,0,0,0,0,0,0,
15,29,22,-33,-20,31,-105,1,-52,1,30,8,-118,25,14,-23,44,12,-4,55,-33,-2,16,-26,-40,-58,-127,25,38,-13,-21,-1,
-29,0,-25,-14,-15,-15,25,-35,-19,0,4,-1,-59,20,-7,-5,16,6,-37,-18,13,0,39,19,22,-50,16,-16,-7,40,-1,-7,
23,-35,40,27,-8,20,-13,-31,-22,-9,8,-34,29,-29,-23,3,-14,-21,-6,-22,-13,-23,-13,27,5,-29,-7,11,-21,49,-8,-5,
-25,-41,-84,-12,22,-35,19,14,10,-2,21,1,-83,-38,-42,-61,25,-4,-18,-44,-6,-18,8,43,15,-48,9,-2,-12,-62,-12,12,
-7,-25,-30,-13,-16,-2,22,0,28,7,5,-14,26,29,-9,2,-76,25,-3,48,-34,18,2,-9,27,-27,-1,-3,25,-22,9,12,
22,-33,44,-1,-23,49,2,13,-24,17,-3,25,96,4,9,9,-18,-19,7,2,-26,6,-24,7,5,-30,32,21,-9,-7,13,-2,
21,-20,-3,-17,-26,-19,-13,0,-1,28,6,0,32,-21,28,-16,16,8,5,-25,0,-17,-9,-41,-11,-39,8,-19,29,33,12,10,
-5,-19,-19,-49,19,31,-19,12,8,-12,19,7,-28,-26,-15,12,33,-23,2,58,11,55,-32,-81,-32,2,-3,5,63,1,24,-13,
13,28,26,-2,-12,-4,10,-3,25,-21,3,0,-37,14,30,-16,-20,-9,23,-47,31,10,19,31,-11,3,9,-8,-3,-25,16,7,
9,-24,20,0,-12,-34,-21,-30,-20,-18,28,-22,3,-16,3,-30,-22,-18,0,21,3,-21,22,-18,18,-25,-39,11,-22,40,-33,-19,
3,30,-71,35,11,-21,4,-12,-14,-8,12,-6,-43,-49,7,19,3,11,-22,-41,35,-14,14,72,12,16,17,-32,-25,-50,-13,0,
12,-1,-8,-3,13,-16,-8,-23,-24,5,-11,15,-32,-14,-4,1,1,-21,-15,-22,-14,12,-35,21,-5,19,-7,3,-2,2,10,8,
15,-24,-16,9,-27,-43,17,-11,18,11,3,12,-36,-21,-13,-36,-42,-9,-1,-18,20,-8,29,12,5,-18,-4,-21,16,-29,10,-1,
-10,18,73,19,23,19,-34,-32,-28,1,20,6,-19,37,32,3,13,14,10,-34,28,-6,0,0,-26,-12,13,4,-4,8,-33,3,
-3,18,99,-10,-15,21,-23,-15,-8,-21,-19,-20,-51,7,7,9,9,-8,13,50,3,-17,-20,-38,6,-14,2,3,15,5,23,-5,
17,-3,-68,3,19,-2,16,-6,-18,-28,26,16,10,-41,-19,-30,22,32,13,-23,-19,-5,14,39,30,-9,-6,-8,-36,25,0,16,
2,23,6,15,-1,-1,29,19,6,-6,12,-17,-37,-4,4,1,-2,-12,0,-48,29,18,18,15,-22,2,32,8,-40,-28,3,2,
23,4,-90,1,30,-4,1,-44,-19,7,18,-19,56,-33,2,-33,9,-18,10,-70,51,-30,0,3,2,-17,18,-21,1,3,13,-22,
-21,-35,-36,5,19,45,-35,5,-34,-14,14,-19,1,-40,-28,-85,28,2,-12,-23,0,-18,-5,-67,0,-84,-12,-20,11,5,11,5,
8,-6,-5,-10,18,-25,-38,26,4,21,12,-3,-39,-8,-28,-11,-59,8,-31,-19,-35,-9,-27,5,12,20,9,20,-14,-28,33,-11,
12,-51,-18,15,11,18,2,-12,-36,18,42,-30,16,-52,-29,-21,4,14,17,-13,-21,-38,21,10,12,-69,3,-9,-18,7,-21,-7,
19,30,-48,21,8,-30,-13,-28,-13,2,32,11,18,-47,-7,16,29,20,7,-24,-5,-6,10,-14,-8,-23,-19,2,-9,1,16,11,
-19,32,54,-8,-26,12,-26,9,20,-16,-7,20,-17,44,33,24,-3,-12,-17,27,5,14,-25,3,12,26,20,9,-7,-33,11,9,
-10,30,-17,12,7,-32,9,-18,-3,1,4,-10,-50,-19,-16,7,30,24,-22,-18,-11,19,32,34,12,-38,-12,16,3,-22,-10,-16,
-24,-7,-2,-14,-7,-23,2,-32,-45,-20,25,3,-8,11,-13,14,-23,10,-43,54,-17,-10,3,-23,1,7,-17,-22,-29,51,-19,5,
14,12,-5,20,27,-4,-21,23,28,-26,21,13,19,-11,27,20,-4,-30,2,-50,23,-24,-9,6,4,23,-35,11,-26,-37,-23,-25,
-6,-11,74,10,20,64,26,6,5,21,-7,-5,52,1,15,25,44,-2,36,-46,44,-15,-28,-37,1,1,-13,33,12,-5,0,11,
-17,-13,-85,32,9,-37,-25,15,-19,2,23,-25,4,-25,-10,23,-1,-9,-48,-27,-10,-12,-23,-41,-9,-24,-28,3,-28,46,12,-24,
16,6,33,-16,-14,3,-26,-1,22,25,-3,12,-25,54,-43,3,-29,11,-14,36,-1,25,7,-6,1,-9,-10,4,1,-31,21,7,
-9,-34,10,14,4,10,-31,-18,-12,21,5,-26,-7,-65,-21,18,-24,-28,-35,-6,-46,-5,0,10,-22,-33,-38,-17,5,-16,-25,19,
-13,-25,-11,14,-7,-51,12,14,13,-35,6,-15,8,31,10,19,-57,-22,31,56,-51,37,16,-26,10,2,16,-23,34,-5,23,6,
9,23,-12,5,21,-7,12,-14,6,8,-7,-27,52,-31,-3,-2,7,13,5,-3,27,-33,17,-1,-29,16,-53,-6,-21,56,-28,11,
-20,-22,91,15,-25,-11,0,-10,-5,-11,11,-8,32,14,-1,26,-54,17,23,85,-9,23,12,-13,-14,-21,-47,42,-12,39,10,5,
9,13,-26,5,22,-16,-34,-23,-1,2,7,0,2,5,-15,-9,-4,-7,12,29,-17,8,-18,-26,-11,-21,-18,-3,16,-23,15,3,
-23,-25,-80,-10,-13,19,7,8,-32,-39,11,0,-42,-24,-20,-43,23,15,-6,-36,-16,-4,40,37,3,-64,-21,7,-4,-1,-36,-5,
18,-9,67,11,-44,32,-70,-8,20,26,17,-6,-19,52,27,42,-11,15,1,21,5,-7,-3,-1,-26,-20,-48,20,-13,4,19,23,
0,-38,5,-15,10,2,27,-23,16,8,6,12,65,2,-3,8,4,8,5,63,-20,31,20,-38,9,-6,12,-5,52,28,-20,22,
-15,15,-41,6,0,-19,-9,-2,-12,-17,-6,16,-8,-49,-37,-13,0,-7,15,-33,-10,7,-16,23,-17,9,6,-21,-20,20,7,-15,
11,-34,-57,-19,-14,-10,34,-11,-22,9,-17,-15,34,-34,-45,-4,1,-7,-4,-48,14,-18,25,17,-17,-25,-23,7,50,-10,-8,19,
-7,-50,-63,-7,-11,7,46,-12,0,-22,9,-11,61,-1,-15,4,9,-15,-25,-30,20,-32,24,7,-11,-13,7,-5,-22,-34,-9,53,
-26,-16,-90,6,-3,-56,10,7,13,-5,-19,2,39,-10,16,-1,-24,10,-25,-38,-4,-20,8,-5,-4,27,-23,20,-11,-3,-15,-17,
-17,-14,-16,-19,-4,-9,-37,11,-38,-16,-9,13,-12,-20,-45,-17,17,24,-31,39,-12,17,-17,39,8,-3,-3,7,6,-13,24,4,
-13,-7,-67,-10,16,-59,-12,14,12,-14,2,-28,1,-67,30,21,5,-15,-31,-67,-9,-28,16,11,-21,14,-40,-20,-38,-3,-34,-7,
-11,-31,77,1,0,57,13,18,-19,-17,-10,14,69,45,-1,45,0,-1,23,39,-10,43,-26,-55,14,9,32,-10,29,-13,8,15,
19,30,76,-23,25,55,-32,32,-15,-30,-50,-9,-1,29,10,-30,58,-3,18,0,13,-32,-19,4,-25,-16,-37,3,18,-48,-11,-10,
8,12,-55,27,-24,-41,-10,-4,-3,-18,-3,8,-23,-41,26,2,13,11,-26,-12,6,7,23,-7,0,6,-59,7,-24,11,19,0,
12,23,-78,-24,-108,-71,-48,-26,-79,33,8,30,53,79,-26,-13,18,0,-16,14,-39,19,1,16,-3,-49,-67,35,-4,-21,20,-12,
-5,-19,-49,-2,-14,-51,-6,3,-10,-14,-25,-32,-27,-51,-24,-42,-16,-27,14,-80,16,-30,-26,2,-43,55,-44,-29,-69,38,-67,40,
-13,-13,-35,17,3,-25,-22,-29,-51,-32,17,-19,79,-23,-35,-42,-17,-11,-29,65,-56,1,-8,-48,-1,-60,-13,-53,-22,61,3,-34,
-20,-1,-33,21,30,18,36,-18,1,31,-12,14,34,23,22,24,10,-19,-38,-28,3,-6,-13,-36,20,15,17,-10,29,-23,-15,0,
16,-26,56,-6,-7,15,3,16,-13,2,10,-19,-38,1,-5,23,-38,-21,19,60,-8,16,-8,0,-21,37,30,-24,13,-27,12,3,
7,9,31,-4,-21,-16,-26,7,10,2,-20,-8,-40,-26,-5,-3,-8,21,-12,-16,9,11,-8,4,-28,12,-27,-12,-31,-20,4,-14,
29,-19,91,-18,-25,28,1,-8,14,8,-26,39,-8,46,26,7,-28,-39,2,49,-5,-14,-25,-68,-22,8,-51,28,-12,-22,-21,-22,
-5,-5,-87,-39,34,8,2,10,-39,-1,12,-23,-20,-56,-14,-26,52,-3,-13,-5,-1,-6,7,-55,-3,-65,20,10,46,-14,16,-15,
-19,-24,-59,11,29,32,4,2,15,-8,8,-26,72,-39,-20,8,7,-14,22,45,-45,5,20,-65,-6,-42,26,-38,54,19,-25,-5,
-26,34,56,-11,-2,20,-39,22,-20,21,-3,10,-39,43,37,29,59,26,-39,-21,9,-26,0,-2,4,-26,-4,18,-19,-22,-6,-1,
-22,-25,-20,-11,-26,-22,49,-26,-16,25,14,20,44,6,-11,27,-36,-28,-1,27,13,10,33,22,21,8,-18,-22,-7,-25,-4,10,
-13,-11,-15,-1,-26,-31,8,-21,-8,-19,3,-17,8,6,-6,9,13,-23,-44,-32,3,-22,4,-30,-23,19,13,-22,-25,-40,-4,4,
1,4,60,-22,-7,26,-39,20,-7,-28,-24,-15,-69,33,6,-19,29,26,21,42,-4,9,4,-16,-24,11,-21,0,9,-18,35,14,
-8,-20,36,-1,-24,-1,-20,-8,24,-20,-23,12,-11,30,32,-12,-20,-31,14,32,19,8,10,14,10,3,-30,-18,-23,18,-5,12,
-12,-31,28,24,-11,-39,-17,-3,-13,3,-11,-20,-10,37,-20,-27,-31,-27,18,19,-7,-17,-24,-37,-14,23,-87,-11,-20,60,-8,25,
-3,2,31,-25,11,-9,2,-20,10,-13,11,-5,-34,13,-4,10,-35,-22,17,50,-25,42,-36,-8,2,-32,3,3,49,9,17,-12,
-16,-11,-17,20,-26,-32,10,-27,-10,-28,-4,-13,-50,-1,-13,-12,-9,26,-16,3,-12,-5,57,30,10,-62,14,-12,-25,16,-9,-11,
-3,6,47,-7,-25,20,0,-9,22,20,6,22,5,19,-12,-8,-28,-16,16,19,-26,18,-21,-15,9,3,-28,2,15,-10,-2,-14,
7,5,7,7,-6,-1,-5,5,-8,26,-16,5,-2,0,7,10,-13,3,5,-3,6,4,5,-17,4,27,10,-18,-6,-2,6,-1,-5,-15,-5,1,1,9,4,3,-2,-2,-6,-5,11,0,-7,-2,3,8,8,7,-1,-3,16,12,-10,-13,6,-10,-6,8,-20,2,
10,-10,-1,7,-9,-9,-9,-12,-8,11,5,-3,4,9,4,-10,-7,12,20,3,-6,5,2,-10,2,-6,-12,7,-1,-9,-13,-11,-3,4,-2,-6,-4,5,6,4,-3,5,-3,4,-3,-4,7,-5,16,-8,-5,8,-3,6,14,9,3,-15,11,4,7,-9,3,-11,
-17,7,-8,4,1,-14,-13,12,2,-19,5,-6,0,-9,-3,-5,-4,5,12,6,4,8,-1,-12,1,-8,-19,-65,3,-3,3,-18,-29,-10,15,8,4,1,4,-12,3,-3,22,11,-12,-1,-29,3,-14,-7,-3,-3,-11,13,-16,-7,3,-2,3,4,8,-5,20,-3,
12,-7,-6,-13,-5,-1,14,-3,-2,-15,-12,-13,0,-23,4,-10,-9,7,-14,-3,7,-13,-8,17,-22,-15,-13,17,-8,-12,-2,1,19,-11,7,3,4,-5,8,-10,-12,-6,-5,-11,-26,-2,2,-7,-24,-1,3,-3,3,-4,-10,7,-11,-2,-1,7,-6,-40,2,-8,
1,1,8,6,-3,-8,1,-5,7,-4,1,3,7,30,-1,-2,5,7,-17,4,8,6,-4,-28,8,6,-12,-43,-9,-3,-5,7,2,9,10,8,-4,7,5,6,13,-2,19,2,-6,-2,-10,-1,22,3,-6,-7,-10,-7,-5,-11,-6,3,4,-9,7,1,1,2,
3,-12,10,-5,4,2,2,-4,3,-48,6,-2,-4,-22,6,3,-5,-11,-4,-9,-4,-6,-8,-8,-5,1,3,15,8,-8,5,5,3,-5,-7,-4,-6,2,13,5,6,9,24,8,18,-17,-10,-1,-17,8,-7,-6,0,7,-1,-2,-5,1,16,-12,1,-28,-21,-4,
14,17,-19,-16,-23,-13,-19,-22,-27,-30,-5,-5,-8,50,-17,-16,-3,17,-28,6,-16,-2,-8,-58,-11,-44,-47,-18,1,-2,-38,6,0,-5,5,0,-28,-8,-6,-7,1,-14,26,-7,6,-2,3,-7,9,7,4,12,3,6,-63,6,5,-10,16,13,-19,-5,-5,-38,
-8,3,6,6,-7,5,-10,-8,-1,23,1,-3,-10,38,6,-3,18,7,21,5,-2,-2,6,21,-4,11,-10,39,4,-6,8,4,8,-7,10,6,-6,-11,1,-3,-10,4,-20,-9,0,3,-31,8,39,6,3,4,-11,-3,7,-7,-11,13,-10,-4,2,5,14,-2,
10,-5,1,5,5,-12,-2,-6,3,-30,3,-22,10,-42,-1,-4,-7,2,-26,11,7,2,-9,14,7,15,-6,-5,-3,5,4,-9,8,-11,12,-2,6,-8,11,2,4,6,-15,-5,-11,0,-4,-7,-65,-12,4,2,13,-8,12,-5,9,-2,16,11,2,-6,16,-6,
-21,-3,0,11,7,-10,-7,11,-1,-6,-2,-4,10,7,-5,6,-1,1,5,8,-4,-4,-6,3,-3,-2,-9,-46,-1,-4,0,-13,-19,2,16,3,6,-4,-5,3,7,-9,16,1,5,-14,-21,-10,4,-11,-1,-11,-11,8,4,0,-5,-10,-7,10,-4,3,18,-9,
-3,4,-8,-11,4,1,4,-5,5,-1,0,-22,-7,-2,-8,-8,5,1,6,-11,12,-1,-11,1,-9,12,-10,-10,1,0,-8,-6,42,4,1,-3,-4,-7,-1,-6,-11,-13,0,-9,-4,-3,12,-2,10,-1,-2,8,-3,2,-5,1,3,-1,5,5,5,-8,-7,1,
1,3,-7,-12,-1,9,0,-10,-4,2,2,13,-5,-56,9,7,2,2,-61,-6,3,0,-2,6,0,-23,4,-2,8,3,12,-3,30,-1,-7,0,4,-8,11,6,-1,-5,5,2,3,-3,-7,4,-33,0,-3,-7,-7,0,21,7,9,5,-8,-6,-10,4,-23,-10,
-3,0,6,4,-10,6,-2,4,-3,25,-13,-5,-8,5,-7,-5,-9,16,-4,-10,2,-4,-2,-20,7,0,8,-28,-4,-9,-14,3,1,-3,9,-8,6,4,0,-2,-7,7,0,1,-16,9,8,-1,16,-11,-12,-2,-10,-5,18,9,-2,-3,-20,-11,-8,-5,-19,-2,
-10,-4,10,-9,2,8,4,9,5,-3,5,24,-6,1,6,-6,11,-6,1,-6,-10,2,7,-5,-2,15,3,-9,3,12,10,-2,-17,-15,-3,-6,3,-10,12,-5,12,3,4,-13,5,-6,-2,9,-3,-2,-10,5,5,9,-4,-7,12,4,-16,-12,4,7,-19,-2,
12,9,-8,4,-4,-8,3,20,-8,-1,7,4,9,-1,-5,0,-6,-5,38,-4,-8,8,-14,9,-6,26,10,28,0,7,-31,-5,-22,-9,20,-14,0,-16,2,13,5,0,-28,0,4,-11,-5,-16,-22,-2,-6,9,-21,-17,9,-8,-7,13,-2,12,-11,-11,7,4,
3,-10,-4,1,-2,-30,-4,8,-5,-1,-8,-19,-4,-9,-6,-7,-9,-31,7,-9,13,-13,-4,14,8,-28,-6,18,6,-17,-23,-7,17,2,-10,-3,9,-11,3,-6,4,-5,-11,-16,-4,0,-8,4,7,5,7,9,-16,-3,-8,7,3,6,-14,1,-4,-28,-16,-2,
4,-14,2,-4,8,-26,-8,2,-8,-32,11,-24,6,-37,2,-6,3,-7,-57,7,-4,-5,2,-11,-6,-1,-18,4,5,-11,8,-5,-2,-11,-3,-1,-8,-11,1,-7,9,10,-8,-11,5,-19,14,5,-54,-11,-21,-3,-10,-6,-6,-1,5,-10,7,7,8,-16,-8,12,
-17,7,-3,4,-10,2,-11,-1,9,4,-2,-31,9,-9,-5,-14,8,7,28,-8,3,7,6,-5,0,8,-11,-62,-11,3,7,-11,-54,-10,-3,8,-9,-8,-11,-10,-6,0,-7,11,-12,-15,-29,7,-47,-3,-1,-6,-14,11,-16,-1,-5,-5,7,1,-7,2,11,3,
6,-4,-12,-5,4,-1,0,-5,-3,-16,-13,-11,1,19,-5,-2,4,3,-69,-1,-3,2,-8,-9,5,2,1,-10,-8,-5,2,2,19,6,0,2,-5,-7,9,-4,6,-5,25,2,15,-6,-8,-6,25,-10,14,3,7,-15,-5,-7,-7,-3,17,6,5,-23,-11,-5,
9,-5,4,12,0,-8,-5,4,3,25,7,-9,-5,10,-7,-5,8,-10,-10,2,5,-13,8,20,-12,-24,9,51,-5,3,-8,-13,3,0,-1,-11,-3,0,-13,-10,-4,8,-1,-13,-6,-1,-29,-1,-9,-3,15,2,11,-6,12,5,4,9,-14,13,5,0,-3,6,
6,6,3,12,-11,-24,-1,1,6,-1,-5,-4,-3,-4,9,2,-1,-17,-6,-6,6,-14,6,24,-12,-10,2,47,-8,-20,-33,0,6,0,7,-6,-5,-7,-10,3,-7,9,-12,-5,4,-3,-12,-4,-27,14,21,0,14,-1,-20,3,-7,8,21,8,-8,-32,7,0,
2,-3,-9,9,12,1,9,-6,0,27,4,3,-9,7,6,-9,3,2,-9,6,-8,-4,-9,-1,-3,-7,5,13,-5,8,14,7,-13,-1,6,-10,10,5,-1,-6,3,0,-14,-6,-8,-4,9,6,5,-5,1,3,3,0,13,-7,8,1,2,4,-2,-4,-2,-8,
-1,13,-3,0,-12,1,-9,4,10,-4,3,-17,1,40,5,-8,8,-13,-11,-7,-6,2,12,7,4,-17,0,38,-7,6,9,5,1,7,-6,0,-14,-9,-14,0,-7,5,-11,1,-3,-4,-14,6,21,-3,2,-6,-4,14,-13,-10,-11,-1,11,-8,-3,12,1,4,
-17,-4,5,-17,-20,-9,1,-10,-1,-100,9,-23,-9,-62,2,-8,13,17,-65,2,-3,7,-7,-40,-23,18,5,-91,-11,2,-13,5,-26,-14,0,-4,-13,4,-1,-3,8,0,27,6,13,-15,-61,13,-48,-19,-11,-5,-1,-9,-12,6,-17,-4,5,-6,12,-22,-68,3,
10,9,2,-1,2,14,1,-12,-8,14,6,-16,-6,-32,-4,0,-5,-7,-64,-6,8,5,3,18,-6,-20,-8,10,-9,8,-4,-4,9,1,-12,-4,-8,-3,0,-1,3,-1,25,2,-13,-4,-1,6,-12,8,-5,8,-21,-4,-13,-3,6,-9,-6,1,8,16,-8,-2,
-13,11,-2,9,0,11,-1,7,6,3,10,-18,11,-72,-2,6,-7,-11,-51,-5,0,1,0,12,10,-17,-11,-35,1,11,9,3,24,8,20,7,8,2,2,-7,-4,-8,7,13,-10,3,-11,2,-55,3,1,1,-10,10,-1,-8,5,-3,-6,12,-5,5,10,9,
1,-8,10,-6,6,1,4,3,-9,-8,13,-34,-10,-40,12,-6,5,7,-33,-2,-2,7,10,20,5,-2,-25,-23,-9,9,12,7,6,-10,-5,7,12,7,6,-4,-2,9,-15,8,-10,17,-11,12,-36,-10,10,2,0,7,6,0,-8,-13,12,-10,-4,17,-4,-3,
10,1,10,-5,2,-1,9,-13,2,-26,-7,5,-12,-50,-1,-6,2,-3,-38,-10,-6,4,15,-6,-7,-11,27,-11,-3,-29,-28,-9,15,9,-11,-4,-5,-10,-5,-13,-6,-5,-4,0,6,15,1,-8,-23,19,-1,-12,0,-12,-41,7,1,-2,7,-1,-3,-40,-33,-6,
11,-28,3,-2,-1,-20,5,-8,-10,-54,-25,-27,0,-26,11,4,-13,-3,-67,10,1,7,-4,15,4,5,-22,-24,4,14,18,-9,23,2,-1,-9,19,11,3,-7,-10,-4,-30,-12,-7,14,-11,-7,-13,-13,15,2,6,11,17,-4,-3,-7,14,0,5,-20,-31,4,
2,0,7,-1,-9,-26,5,-1,0,-3,-12,0,-10,4,-8,5,-10,7,-44,-2,-10,-1,3,-3,13,-10,-1,8,-3,-1,5,-4,-12,-4,0,-6,11,6,-4,9,-2,-3,-13,1,9,0,-25,4,-6,3,6,0,11,-13,-2,3,-9,-5,17,5,9,-68,2,0,
2,3,-5,7,-8,11,0,9,-3,-4,9,-13,-3,-59,12,-9,5,0,-30,-4,-8,6,-2,10,-19,4,-2,-27,4,9,-10,10,-43,-5,1,0,0,-1,-8,-1,-9,1,-12,7,5,8,2,-3,-84,5,-5,-10,8,5,-27,-7,-8,7,0,-7,-19,4,-8,-3,
-14,-1,16,3,-12,4,10,-8,-15,24,11,14,-7,24,-5,11,3,24,3,-5,-5,-4,-9,-18,4,21,5,-35,-8,-2,-20,8,21,4,-2,-2,-4,3,4,15,1,-10,-7,-4,-13,-17,-9,14,31,1,-14,-6,-1,-6,1,-2,5,-7,-8,-10,0,17,-2,-17,
-40,15,26,22,18,86,24,-40,-23,39,25,-82,-7,-12,-20,8,-9,9,10,-9,-56,-28,45,-44,-6,48,97,3,24,-11,39,-20,
16,-16,22,20,-37,-42,-24,-16,1,12,5,10,-1,10,-27,-38,-7,84,20,45,49,-35,-18,-28,-65,6,-9,10,6,-2,22,30,
8,6,7,47,-51,42,2,23,5,-9,-8,-23,-22,-34,84,8,47,4,-88,-54,-13,22,-9,-38,-22,-37,-26,-29,-83,11,19,11,
-38,33,37,22,50,-41,104,34,-26,-26,-27,84,-7,-36,-26,-29,42,28,27,24,5,-67,29,6,32,-35,-38,-9,-95,-21,-9,32,
12,-27,-57,9,-28,71,-23,-53,3,16,-21,24,-17,60,-40,38,37,-6,6,-21,-8,-21,-12,52,31,5,-8,-43,23,1,18,23,
17,-56,69,-12,28,-22,4,19,18,-7,-8,5,-4,-35,-1,-48,16,-53,-9,-9,-2,48,-35,6,-7,-26,7,-38,11,15,31,25,
0,0,0,0,0,0,0,0,0,0,0,0,0,0,0,0,0,0,0,0,0,0,0,0,0,0,0,0,0,0,0,0,
0,0,0,0,0,0,0,0,0,0,0,0,0,0,0,0,0,0,0,0,0,0,0,0,0,0,0,0,0,0,0,0,
0,0,0,0,0,0,0,0,0,0,0,0,0,0,0,0,0,0,0,0,0,0,0,0,0,0,0,0,0,0,0,0,0,0,0,0,0,0,0,0,0,0,0,0,0,0,0,0,0,0,0,0,0,0,0,0,0,0,0,0,0,0,0,0,0,0,0,0,0,0,0,0,0,0,0,0,0,0,0,0,0,0,0,0,0,0,0,0,0,0,0,0,0,0,0,0,0,0,0,0,0,0,0,0,0,0,0,0,0,0,0,0,0,0,0,0,0,0,0,0,0,0,0,0,0,0,0,0,0,0,0,0,0,0,0,0,0,0,0,0,0,0,0,0,0,0,0,0,0,0,0,0,0,0,0,0,0,0,0,0,0,0,0,0,0,0,0,0,0,0,0,0,0,0,0,0,0,0,0,0,0,0,0,0,0,0,0,0,0,0,0,0,0,0,0,0,0,0,0,0,0,0,0,0,0,0,0,0,0,0,0,0,0,0,0,0,0,0,0,0,0,0,0,0,0,0,0,0,0,0,0,0,0,0,0,0,0,0,0,0,0,0,0,0,0,0,0,0,0,0,0,0,0,0,0,0,0,0,0,0,0,0,0,0,0,0,0,0,0,0,0,0,0,0,0,0,0,0,0,0,0,0,0,0,0,0,0,0,0,0,0,0,0,0,0,0,0,0,0,0,0,0,0,0,0,0,0,0,0,0,0,0,0,0,0,0,0,0,0,0,0,0,0,0,0,0,0,0,0,0,0,0,0,0,0,0,0,0,0,0,0,0,0,0,0,0,0,0,0,0,0,0,0,0,0,0,0,0,0,0,0,0,0,0,0,0,0,0,0,0,0,0,0,0,0,0,0,0,0,0,0,0,0,0,0,0,0,0,0,0,0,0,0,0,0,0,0,0,0,0,0,0,0,0,0,0,0,0,0,0,0,0,0,0,0,0,0,0,0,0,0,0,0,0,0,0,0,0,0,0,0,0,0,0,0,0,0,0,0,0,0,0,0,0,0,0,0,0,0,0,0,0,0,0,0,0,0,0,0,0,0,0,0,0,0,0,0,0,0,0,0,0,0,0,0,0,0,0,0,0,0,0,0,0,0,0,0,0,0,0,0,0,0,0,0,0,0,0,0,0,0,0,0,0,0,0,0,0,0,0,0,0,0,0,0,0,0,0,0,0,0,0,0,0,0,0,0,0,0,0,0,0,0,0,0,0,0,0,0,0,0,0,0,0,0,0,0,0,0,0,0,0,0,0,0,0,0,0,0,0,0,0,0,0,0,0,0,0,0,0,0,0,0,0,0,0,0,0,0,0,0,0,0,0,0,0,0,0,0,0,0,0,0,0,0,0,0,0,0,0,0,0,0,0,0,0,0,0,0,0,0,0,0,0,0,0,0,0,0,0,0,0,0,0,0,0,0,0,0,0,0,0,0,0,0,0,0,0,0,0,0,0,0,0,0,0,0,0,0,0,0,0,0,0,0,0,0,0,0,0,0,0,0,0,0,0,0,0,0,0,0,0,0,0,0,0,0,0,0,0,0,0,0,0,0,0,0,0,0,0,0,0,0,0,0,0,0,0,0,0,0,0,0,0,0,0,0,0,0,0,0,0,0,0,0,0,0,0,0,0,0,0,0,0,0,0,0,0,0,0,0,0,0,0,0,0,0,0,0,0,0,0,0,0,0,0,0,0,0,0,0,0,0,0,0,0,0,0,0,0,0,0,0,0,0,0,0,0,0,0,0,0,0,0,0,0,0,0,0,0,0,0,0,0,0,0,0,0,0,0,0,0,0,0,0,0,0,0,0,0,0,0,0,0,0,0,0,0,0,0,0,0,0,0,0,0,0,0,0,0,0,0,0,0,0,0,0,0,0,0,0,0,0,0,0,0,0,0,0,0,0,0,0,0,0,0,0,0,0,0,0,0,0,0,0,0,0,0,0,0,0,0,0,0,0,0,0,0,0,0,0,0,0,0,0,0,0,0,0,0,0,0,0,0,0,0,0,0,0,0,0,0,0,0,0,0,0,0,0,0,0,0,0,0,0,0,0,0,0,0,0,0,0,0,0,0,0,0,0,0,0,0,0,0,0,0,0,0,0,0,0,0,0,0,0,0,0,0,0,0,0,0,0,0,0,0,0,0,0,0,0,0,0,0,0,0,0,0,0,0,0,0,0,0,0,0,0,0,0,0,0,0,0,0,0,0,0,0,0,0,0,0,0,0,0,0,0,0,0,0,0,0,0,0,0,0,0,0,0,0,0,0,0,0,0,0,0,0,0,0,0,0,0,0,0,0,0,0,0,0,0,0,0,0,0,0,0,0,0,0,0,0,0,0,0,0,0,0,0,0,0,0,0,0,0,0,0,0,0,0,0,0,0,0,0,0,0,0,0,0,0,0,0,0,0,0,0,0,0,0,0,0,0,0,0,0,0,0,0,0,0,0,0,0,0,0,0,0,0,0,0,0,0,0,0,0,0,0,0,0,0,0,0,0,0,0,0,0,0,0,0,0,0,0,0,0,0,0,0,0,0,0,0,0,0,0,0,0,0,0,0,0,0,0,0,0,0,0,0,0,0,0,0,0,0,0,0,0,0,0,0,0,0,0,0,0,0,0,0,0,0,0,0,0,0,0,0,0,0,0,0,0,0,0,0,0,0,0,0,0,0,0,0,0,0,0,0,0,0,0,0,0,0,0,0,0,0,0,0,0,0,0,0,0,0,0,0,0,0,0,0,0,0,0,0,0,0,0,0,0,0,0,0,0,0,0,0,0,0,0,0,0,0,0,0,0,0,0,0,0,0,0,0,0,0,0,0,0,0,0,0,0,0,0,0,0,0,0,0,0,0,0,0,0,0,0,0,0,0,0,0,0,0,0,0,0,0,0,0,0,0,0,0,0,0,0,0,0,0,0,0,0,0,0,0,0,0,0,0,0,0,0,0,0,0,0,0,0,0,0,0,0,0,0,0,0,0,0,0,0,0,0,0,0,0,0,0,0,0,0,0,0,0,0,0,0,0,0,0,0,0,0,0,0,0,0,0,0,0,0,0,0,0,0,0,0,0,0,0,0,0,0,0,0,0,0,0,0,0,0,0,0,0,0,0,0,0,0,0,0,0,0,0,0,0,0,0,0,0,0,0,0,0,0,0,0,0,0,0,0,0,0,0,0,0,0,0,0,0,0,0,0,0,0,0,0,0,0,0,0,0,0,0,0,0,0,0,0,0,0,0,0,0,0,0,0,0,0,0,0,0,0,0,0,0,0,0,0,0,0,0,0,0,0,0,0,0,0,0,0,0,0,0,0,0,0,0,0,0,0,0,0,0,0,0,0,0,0,0,0,0,0,0,0,0,0,0,0,0,0,0,0,0,0,0,0,0,0,0,0,0,0,0,0,0,0,0,0,0,0,0,0,0,0,0,0,0,0,0,0,0,0,0,0,0,0,0,0,0,0,0,0,0,0,0,0,0,0,0,0,0,0,0,0,0,0,0,0,0,0,0,0,0,0,0,0,0,0,0,0,0,0,0,0,0,0,0,0,0,0,0,0,0,0,0,0,0,0,0,0,0,0,0,0,0,0,0,0,0,0,0,0,0,0,0,0,0,0,0,0,0,0,0,0,0,0,0,0,0,0,0,0,0,0,0,0,0,0,0,0,0,0,0,0,0,0,0,0,0,0,0,0,0,0,0,0,0,0,0,0,0,0,0,0,0,0,0,0,0,0,0,0,0,0,0,0,0,0,0,0,0,0,0,0,0,0,0,0,0,0,0,0,0,0,0,0,0,0,0,0,0,0,0,0,0,0,0,0,0,0,0,0,0,0,0,0,0,0,0,0,0,0,0,0,0,0,0,0,0,0,0,0,0,0,0,0,0,0,0,0,0,0,0,0,0,0,0,0,0,0,0,0,0,0,0,0,0,0,0,0,0,0,0,0,0,0,0,0,0,0,0,0,0,0,0,0,0,0,0,0,0,0,0,0,0,0,0,0,0,0,0,0,0,0,0,0,0,0,0,0,0,0,0,0,0,0,0,0,0,0,0,0,

};