signed char w2 [] = {
35,34,9,26,22,0,-4,6,-8,-51,30,37,-52,-3,-24,28,
43,37,-46,16,-70,-46,18,31,-32,-37,-31,-2,-14,12,-30,-28,
-10,12,-71,-63,34,54,14,-40,8,-35,24,38,11,-10,-60,-72,
-54,-59,10,-41,-50,-31,-21,40,-25,24,-20,19,18,8,16,57,
3,-12,-41,-45,-18,-12,8,5,12,32,27,-23,47,67,-29,9,
20,-30,-61,-45,-11,-19,15,-9,30,50,-27,-32,40,16,6,-30,
-30,-53,-16,-56,-47,-41,-42,19,-43,-17,-3,24,35,21,-8,12,
0,38,6,33,22,0,34,-2,-18,15,12,15,38,74,-40,-43,
-5,-16,-39,-63,35,12,-49,-15,29,28,6,16,5,-13,-48,-33,
-39,-50,-58,6,25,43,-7,9,16,18,33,-15,-7,-39,23,52,
-42,-9,24,-9,-2,-10,44,2,-12,-12,57,68,-60,-82,78,56,
4,31,46,18,-48,-11,-8,-38,6,5,-39,-30,-16,27,-42,9,
-53,-8,-20,-25,-40,-30,-14,-18,-29,-9,37,55,-9,-26,-1,-7,
49,-5,-30,26,-11,8,-26,-5,31,-4,-15,-25,-29,-23,-20,-66,
26,-20,-29,-34,13,38,-12,-3,-17,21,-15,-5,-5,-50,-24,-34,
43,32,-34,-32,-6,48,-12,-42,-22,8,-28,-37,-31,-31,-23,7,
-15,-1,-22,41,36,-26,2,-2,21,-24,10,-40,76,73,-18,-56,
-43,-27,-6,-22,-5,-24,14,20,-26,-33,23,-29,-2,-4,46,22,
6,34,28,37,32,54,-7,-12,-38,-22,17,40,-31,6,-16,30,
-26,-30,-20,14,30,8,-2,7,-7,-8,43,55,-91,-34,22,21,
-22,18,-59,-36,22,23,-19,4,-4,-38,5,-10,15,26,-25,-4,
37,12,-24,-13,-29,14,20,-1,-48,-16,-14,-44,57,33,54,67,
-17,-55,-15,4,-15,-1,30,-14,-24,-27,10,10,-11,0,56,52,
14,10,-64,-20,-1,-20,-17,9,36,20,14,3,-30,-3,-41,2,
-50,-28,-48,-42,-38,-45,-2,32,-37,18,24,-25,17,32,43,-2,
-20,12,16,-3,48,44,-29,-41,-24,2,35,-16,-35,-54,7,34,
-3,-24,-54,-37,-68,-75,-1,0,-1,28,-29,-7,69,56,15,11,
-4,-2,-43,-61,-41,-23,13,22,59,45,38,9,-50,-22,44,38,
-26,20,51,59,34,16,-26,28,-7,-29,38,17,-25,-27,-34,-33,
-9,-18,-22,-20,54,36,-25,-40,-22,-20,44,-16,-21,-9,-38,-62,
-10,3,5,13,-21,-17,24,42,-35,-55,-57,-57,-9,59,-41,7,
12,22,64,42,28,-2,-17,-30,38,18,-41,11,57,26,-47,-32,
0,0,0,0,0,0,0,0,0,0,0,0,0,0,0,0,0,0,0,0,0,0,0,0,0,0,0,0,0,0,0,0,0,0,0,0,0,0,0,0,0,0,0,0,0,0,0,0,0,0,0,0,0,0,0,0,0,0,0,0,0,0,0,0,0,0,0,0,0,0,0,0,0,0,0,0,0,0,0,0,0,0,0,0,0,0,0,0,0,0,0,0,0,0,0,0,0,0,0,0,0,0,0,0,0,0,0,0,0,0,0,0,0,0,0,0,0,0,0,0,0,0,0,0,0,0,0,0,0,0,0,0,0,0,0,0,0,0,0,0,0,0,0,0,0,0,0,0,0,0,0,0,0,0,0,0,0,0,0,0,0,0,0,0,0,0,0,0,0,0,0,0,0,0,0,0,0,0,0,0,0,0,0,0,0,0,0,0,0,0,0,0,0,0,0,0,0,0,0,0,0,0,0,0,0,0,0,0,0,0,0,0,0,0,0,0,0,0,0,0,0,0,0,0,0,0,0,0,0,0,0,0,0,0,0,0,0,0,0,0,0,0,0,0,0,0,0,0,0,0,0,0,0,0,0,0,0,0,0,0,0,0,0,0,0,0,0,0,0,0,0,0,0,0,0,0,0,0,0,0,0,0,0,0,0,0,0,0,0,0,0,0,0,0,0,0,0,0,0,0,0,0,0,0,0,0,0,0,0,0,0,0,0,0,0,0,0,0,0,0,0,0,0,0,0,0,0,0,0,0,0,0,0,0,0,0,0,0,0,0,0,0,0,0,0,0,0,0,0,0,0,0,0,0,0,0,0,0,0,0,0,0,0,0,0,0,0,0,0,0,0,0,0,0,0,0,0,0,0,0,0,0,0,0,0,0,0,0,0,0,0,0,0,0,0,0,0,0,0,0,0,0,0,0,0,0,0,0,0,0,0,0,0,0,0,0,0,0,0,0,0,0,0,0,0,0,0,0,0,0,0,0,0,0,0,0,0,0,0,0,0,0,0,0,0,0,0,0,0,0,0,0,0,0,0,0,0,0,0,0,0,0,0,0,0,0,0,0,0,0,0,0,0,0,0,0,0,0,0,0,0,0,0,0,0,0,0,0,0,0,0,0,0,0,0,0,0,0,0,0,0,0,0,0,0,0,0,0,0,0,0,0,0,0,0,0,0,0,0,0,0,0,0,0,0,0,0,0,0,0,0,0,0,0,0,0,0,0,0,0,0,0,0,0,0,0,0,0,0,0,0,0,0,0,0,0,0,0,0,0,0,0,0,0,0,0,0,0,0,0,0,0,0,0,0,0,0,0,0,0,0,0,0,0,0,0,0,0,0,0,0,0,0,0,0,0,0,0,0,0,0,0,0,0,0,0,0,0,0,0,0,0,0,0,0,0,0,0,0,0,0,0,0,0,0,0,0,0,0,0,0,0,0,0,0,0,0,0,0,0,0,0,0,0,0,0,0,0,0,0,0,0,0,0,0,0,0,0,0,0,0,0,0,0,0,0,0,0,0,0,0,0,0,0,0,0,0,0,0,0,0,0,0,0,0,0,0,0,0,0,0,0,0,0,0,0,0,0,0,0,0,0,0,0,0,0,0,0,0,0,0,0,0,0,0,0,0,0,0,0,0,0,0,0,0,0,0,0,0,0,0,0,0,0,0,0,0,0,0,0,0,0,0,0,0,0,0,0,0,0,0,0,0,0,0,0,0,0,0,0,0,0,0,0,0,0,0,0,0,0,0,0,0,0,0,0,0,0,0,0,0,0,0,0,0,0,0,0,0,0,0,0,0,0,0,0,0,0,0,0,0,0,0,0,0,0,0,0,0,0,0,0,0,0,0,0,0,0,0,0,0,0,0,0,0,0,0,0,0,0,0,0,0,0,0,0,0,0,0,0,0,0,0,0,0,0,0,0,0,0,0,0,0,0,0,0,0,0,0,0,0,0,0,0,0,0,0,0,0,0,0,0,0,0,0,0,0,0,0,0,0,0,0,0,0,0,0,0,0,0,0,0,0,0,0,0,0,0,0,0,0,0,0,0,0,0,0,0,0,0,0,0,0,0,0,0,0,0,0,0,0,0,0,0,0,0,0,0,0,0,0,0,0,0,0,0,0,0,0,0,0,0,0,0,0,0,0,0,0,0,0,0,0,0,0,0,0,0,0,0,0,0,0,0,0,0,0,0,0,0,0,0,0,0,0,0,0,0,0,0,0,0,0,0,0,0,0,0,0,0,0,0,0,0,0,0,0,0,0,0,0,0,0,0,0,0,0,0,0,0,0,0,0,0,0,0,0,0,0,0,0,0,0,0,0,0,0,0,0,0,0,0,0,0,0,0,0,0,0,0,0,0,0,0,0,0,0,0,0,0,0,0,0,0,0,0,0,0,0,0,0,0,0,0,0,0,0,0,0,0,0,0,0,0,0,0,0,0,0,0,0,0,0,0,0,0,0,0,0,0,0,0,0,0,0,0,0,0,0,0,0,0,0,0,0,0,0,0,0,0,0,0,0,0,0,0,0,0,0,0,0,0,0,0,0,0,0,0,0,0,0,0,0,0,0,0,0,0,0,0,0,0,0,0,0,0,0,0,0,0,0,0,0,0,0,0,0,0,0,0,0,0,0,0,0,0,0,0,0,0,0,0,0,0,0,0,0,0,0,0,0,0,0,0,0,0,0,0,0,0,0,0,0,0,0,0,0,0,0,0,0,0,0,0,0,0,0,0,0,0,0,0,0,0,0,0,0,0,0,0,0,0,0,0,0,0,0,0,0,0,0,0,0,0,0,0,0,0,0,0,0,0,0,0,0,0,0,0,0,0,0,0,0,0,0,0,0,0,0,0,0,0,0,0,0,0,0,0,0,0,0,0,0,0,0,0,0,0,0,0,0,0,0,0,0,0,0,0,0,0,0,0,0,0,0,0,0,0,0,0,0,0,0,0,0,0,0,0,0,0,0,0,0,0,0,0,0,0,0,0,0,0,0,0,0,0,0,0,0,0,0,0,0,0,0,0,0,0,0,0,0,0,0,0,0,0,0,0,0,0,0,0,0,0,0,0,0,0,0,0,0,0,0,0,0,0,0,0,0,0,0,0,0,0,0,0,0,0,0,0,0,0,0,0,0,0,0,0,0,0,0,0,0,0,0,0,0,0,0,0,0,0,0,0,0,0,0,0,0,0,0,0,0,0,0,0,0,0,0,0,0,0,0,0,0,0,0,0,0,0,0,0,0,0,0,0,0,0,0,0,0,0,0,0,0,0,0,0,0,0,0,0,0,0,0,0,0,0,0,0,0,0,0,0,0,0,0,0,0,0,0,0,0,0,0,0,0,0,0,0,0,0,0,0,0,0,0,0,0,0,0,0,0,0,0,0,0,0,0,0,0,0,0,0,0,0,0,0,0,0,0,0,0,0,0,0,0,0,0,0,0,0,0,0,0,0,0,0,0,0,0,0,0,0,0,0,
-26,-16,-13,13,-48,-14,-13,13,2,5,-10,-10,-9,11,-1,-20,-22,38,-2,27,6,27,-45,-7,19,40,-39,21,-1,-4,26,-42,
12,7,45,-1,10,15,28,-23,7,-5,-2,25,4,-43,0,26,28,-14,9,-28,-5,-15,-27,-46,-58,16,19,-13,3,19,-34,-20,
-15,14,16,-13,-3,-17,-17,-2,29,16,-23,-54,-33,-1,-20,48,-13,10,15,-17,-13,6,-13,15,-18,-6,33,-8,9,-23,9,-28,
-28,-19,11,21,-25,-28,-27,-3,13,2,-16,34,-11,-16,-43,-31,45,-56,-13,-33,-14,-36,-37,26,-21,0,-51,6,-2,-9,-6,5,
6,-13,7,-4,-17,11,-21,-40,14,-19,21,33,17,16,-12,-6,14,19,9,-10,23,-14,5,16,42,8,-23,10,2,11,14,-17,
-20,-7,19,-17,6,2,-31,12,17,-20,-24,5,-25,-28,-13,-26,-32,15,10,12,-7,3,5,24,-6,-16,22,22,-2,-20,-19,-14,
-17,-12,12,-17,-4,14,-22,12,13,9,11,-74,-3,5,2,-3,-19,25,27,12,-32,12,17,-7,-40,-13,-9,-17,-28,-28,-14,-17,
14,-9,-51,14,6,-28,30,-1,8,-21,-23,6,32,29,11,-15,-19,-11,0,-11,22,21,-15,-11,23,7,-19,3,23,15,7,18,
-1,32,6,-34,6,-18,13,-23,10,17,-19,32,-9,-8,12,-25,35,-13,12,9,-16,-28,-22,-4,-73,-4,-34,-6,27,28,-9,3,
17,11,4,-6,-2,-7,18,-34,24,15,-23,-36,-60,-27,-21,101,12,-31,33,15,-25,-55,-5,8,39,20,29,5,-8,9,-41,20,
-16,4,4,11,11,-15,11,-5,20,3,23,3,-5,3,-19,-37,11,-3,2,14,-19,23,-26,-7,-2,-20,-28,-13,-18,3,-14,22,
3,11,12,-13,-5,-28,-12,-16,3,-12,0,-9,4,-4,-33,-59,-11,5,-2,1,4,3,-14,-6,-10,3,17,11,-19,-1,18,-21,
-26,-5,-1,-17,2,15,14,-15,12,14,3,33,-6,31,-15,-39,33,-14,8,-27,17,-17,4,-10,40,13,-29,5,12,-18,-37,-17,
-16,-20,-20,0,3,28,-3,28,-1,16,-5,-4,12,3,-31,-14,-17,14,15,21,18,-22,-16,-16,-69,-8,20,9,-13,-16,5,-33,
13,30,-1,3,-10,-5,6,-9,25,1,-4,-9,20,20,12,4,-28,18,-7,8,18,-22,-8,0,20,-8,19,-7,44,12,-3,-1,
-22,-28,28,26,4,-9,49,16,11,-12,-25,14,1,-6,-8,18,29,-34,-8,-9,-16,-8,-1,-44,-36,-29,6,0,-33,14,4,24,
25,7,-28,-3,-2,0,15,14,20,20,12,-22,4,23,15,-15,7,-20,-6,-16,-20,0,-26,-5,-72,-24,-27,-9,-2,-9,-12,20,
-20,0,-22,-29,-8,-28,2,18,-7,9,-10,-101,-12,-17,-7,34,-14,8,29,-4,-32,8,7,-14,-7,40,-3,-32,6,-18,-43,-18,
-13,-25,14,3,-2,7,54,13,-19,-24,-4,-88,-78,-42,-45,25,-10,-31,-25,-4,-9,19,-10,-64,5,-11,20,-5,-28,27,9,-7,
-30,-6,2,0,-7,-6,-39,-27,-12,-8,-13,33,5,-5,-6,-50,-44,-15,30,-6,30,8,-23,-21,27,-16,12,29,-1,8,-12,11,
-28,-22,45,-12,1,40,-60,3,12,-4,-13,63,-1,-18,-2,-13,29,17,5,-9,20,-4,-23,19,-35,3,-1,16,-8,-21,-23,-12,
-14,7,-5,-40,-33,19,19,1,17,-12,-33,-78,-47,-51,-38,26,5,19,17,12,-9,-48,6,-9,30,37,-16,-41,-12,-6,-76,7,
20,30,-13,-27,-10,9,-4,23,5,18,1,-22,-1,-28,-3,21,-6,0,-16,16,17,-27,-20,-25,3,11,2,-22,4,6,14,-25,
-26,-9,20,18,-12,37,-12,-6,-9,18,-1,22,-25,-19,-20,-46,-12,16,-22,8,20,6,7,-13,17,16,-37,-3,0,-19,4,-15,
7,-3,18,27,4,19,-3,-10,12,15,-26,-15,-52,-47,20,16,18,-38,17,-27,16,6,6,-60,-44,-26,42,-15,-14,-29,-42,-26,
-16,17,-3,-32,13,-1,-16,-20,21,6,-11,-77,-14,-12,9,9,12,19,14,18,-23,6,-20,-18,-23,34,-10,-38,4,13,-8,-9,
-24,31,6,-26,-12,-26,21,28,-11,-26,17,-48,-15,-42,26,-45,-5,-18,-34,24,-1,-20,5,-36,-31,20,25,15,46,38,-20,4,
-6,8,8,-26,39,14,-38,23,22,-20,-34,-22,-44,-61,-13,0,1,-20,-11,20,-25,-19,9,-39,13,4,31,-15,-30,-13,-5,-14,
2,-5,-26,6,-14,-17,-27,-11,-3,19,19,14,0,-1,-11,-23,18,0,-17,-15,-3,-12,-21,-21,50,1,-3,-11,28,-7,2,25,
16,-18,13,32,14,14,-5,-42,-7,6,-7,37,-46,-55,-19,-62,-15,22,2,-10,38,33,14,-25,34,8,-26,10,21,-46,-20,-2,
-20,12,-12,-23,-15,-27,21,-21,20,-10,9,48,20,-4,-11,19,15,-16,-11,-7,-26,-11,15,20,53,-62,-42,-15,21,-4,28,10,
12,8,-6,-28,19,12,23,-13,18,20,-28,-112,3,-25,9,40,-23,10,-10,-2,-6,3,7,30,-44,25,32,-12,-12,-24,-20,-10,
-27,-14,24,-27,-9,25,-14,-40,21,-26,9,-41,19,6,10,41,-33,-7,7,26,4,5,8,-14,67,9,7,-18,68,-44,-26,-19,
8,-38,-8,28,-7,4,20,12,9,3,-10,40,-3,4,0,-53,8,-10,11,-14,5,-7,14,-1,9,4,-26,22,-3,6,20,-6,
4,-13,20,-3,-32,-4,14,-3,30,20,-2,14,-21,-15,-22,39,38,-41,9,-29,1,-22,10,-23,-35,9,-3,-5,-35,15,-23,-31,
-14,24,-25,9,-28,16,-13,-27,-21,-17,-14,23,-18,-55,25,-23,-15,-12,-29,33,30,20,-5,-32,44,26,27,-8,45,-7,3,-19,
23,15,25,5,-24,-9,-13,-4,12,-19,-17,-3,-20,-9,21,42,13,5,22,-5,-13,-22,25,-5,66,-12,-7,-18,0,23,8,21,
-23,0,-24,9,34,5,-20,30,9,13,-17,-23,25,-7,-17,-29,20,-22,10,-11,-8,5,-12,-19,-35,-38,25,15,3,19,-3,14,
9,-13,16,13,17,-15,-23,-15,-11,18,-4,76,-5,29,-24,-47,15,29,-10,2,0,11,-17,12,0,-8,-31,21,15,-16,6,23,
-22,5,40,-17,-19,-33,-98,-25,21,-15,21,18,-4,-6,11,-54,43,-8,9,6,14,-37,-3,-16,-7,-32,-3,20,-36,16,-42,8,
-1,13,-8,-12,21,-10,-16,3,-13,-10,-1,0,12,-18,15,-52,-6,25,1,-20,-36,4,14,24,-19,-43,8,11,-51,-24,27,-4,
6,-22,9,-6,1,-17,-22,4,-19,12,15,4,-29,2,-6,-47,-31,19,-18,4,19,8,-8,-37,31,23,3,26,-26,-7,-9,-4,
-13,-27,-32,-20,1,-24,-28,-5,-30,7,-3,32,28,-3,8,-65,23,12,21,-12,-34,19,19,15,-39,-17,29,-7,-21,4,-5,28,
20,12,9,-27,-27,-29,-17,-28,-16,-3,-10,6,23,6,-2,9,22,2,12,24,-7,-18,-15,17,39,-17,-17,9,19,20,-8,-2,
-6,-40,-35,-2,23,-70,10,27,12,-10,-8,-12,-6,-16,7,-35,5,3,-58,9,-15,3,-11,-41,-8,-9,-33,4,2,42,-4,-22,
15,18,3,-33,-7,-7,-6,13,-21,-19,-24,-62,-38,-43,-32,35,1,-15,-16,23,-9,-32,-1,-3,-22,11,11,-14,-45,22,-29,-27,
4,-18,-4,-8,-35,13,-99,-4,-13,-7,4,1,28,-33,3,-75,-10,13,3,-15,-20,34,-33,34,-1,5,-13,49,-4,-86,29,-51,
-4,-40,-45,-20,24,-42,-13,-33,1,-25,-33,11,56,-3,-5,10,-30,23,1,-49,-28,-11,0,-10,-62,-10,38,18,-21,-27,-2,12,
-17,-10,15,-23,31,-12,23,7,5,-9,-24,-122,-84,-24,-45,68,-11,-51,19,-16,-30,-64,-16,-37,-2,-1,21,-59,-38,16,0,-25,
0,5,12,-9,-23,-10,-67,-36,-34,-11,-8,-18,0,7,11,-33,14,3,4,-17,-1,1,-10,-5,41,-11,10,-13,-27,-12,-15,-9,
37,42,11,-18,-28,4,30,-43,-8,-26,7,-8,-23,-10,16,29,-22,-11,18,-3,24,-22,-17,20,11,27,-25,-2,-22,0,-26,10,
-16,22,-12,10,18,-10,22,14,-18,7,-9,11,19,11,19,-31,-10,11,13,6,20,-11,23,-35,2,-9,19,17,25,21,8,7,
31,32,-16,-1,-28,-32,-5,-2,21,-17,5,-6,24,2,26,0,0,21,8,4,5,6,21,4,14,-18,15,-19,47,15,0,-3,
-3,-5,-11,16,-15,-8,15,34,-29,5,-6,-63,-15,-13,-4,-73,-17,-10,-19,11,-8,29,-30,-29,20,8,-33,18,-16,25,6,-19,
-23,-3,30,-17,-19,23,17,14,-8,3,-6,-21,1,23,-28,59,-2,-30,-13,-28,14,-22,24,-8,43,-6,12,-31,21,-8,7,10,
7,-10,-17,3,-13,-26,5,34,-1,-3,0,-4,-15,-17,-5,-40,-22,-20,-54,9,-17,-14,3,7,-17,4,-24,23,-11,-13,23,-42,
5,11,-2,-4,-20,7,-27,-13,-21,8,27,4,-13,-20,10,-54,21,0,-3,-31,20,26,-14,-2,8,-15,4,-2,-27,11,18,-15,
-22,-24,-25,-2,-23,3,-42,-3,-17,-26,-14,-11,-20,-30,2,-43,1,3,-28,-23,8,17,6,6,-6,-2,-11,-22,-34,-15,-1,-28,
-8,2,-12,11,-16,-1,12,30,-9,-23,20,41,19,20,-6,47,9,7,-1,23,1,17,-13,-20,9,-16,-4,-1,4,21,35,-16,
24,30,-26,-25,-14,-19,14,1,-1,8,13,-41,5,2,6,37,19,15,-24,9,-6,1,11,-17,6,14,31,9,26,20,-20,-5,
-3,-14,1,-3,19,-16,12,-17,20,4,-33,19,43,23,-26,41,-18,10,-9,-11,-28,-5,-17,-6,2,0,39,-27,-29,10,26,28,
-24,-23,-40,7,-1,-10,-16,-20,2,-26,25,-20,7,-8,-9,25,-23,2,-3,-3,-21,23,-9,1,39,-8,-16,20,3,2,15,-17,
28,-17,22,16,1,36,43,16,10,4,-20,31,-65,-38,-57,49,43,-44,-4,9,0,-28,-18,-30,7,-14,17,-26,-9,3,-56,-4,
-19,23,-11,-18,-13,-23,12,-12,-11,5,-9,-7,37,-1,2,-15,-27,1,-11,-3,24,8,10,19,35,11,-6,10,24,4,-17,-4,
-6,-8,-12,3,1,6,0,3,-5,-5,-6,1,-9,9,-5,0,-7,-11,1,11,-14,-16,0,-13,-6,-2,-1,-3,-1,0,-2,1,-2,15,5,-3,8,-9,21,-5,5,16,7,-19,4,-7,-2,7,20,6,-7,-30,-1,-3,-2,-10,-7,0,5,-6,1,11,8,-7,
-3,-2,-4,-17,-3,-17,-25,5,15,0,-4,-34,0,7,7,11,5,9,-5,3,-7,-7,5,-5,1,-1,10,-2,-8,-4,11,3,-7,18,9,10,-10,-1,5,6,0,10,-3,26,-3,-11,-6,-1,15,5,-1,12,-13,11,4,-3,1,0,0,2,-3,-10,3,2,
18,-11,14,4,-13,-19,-4,-15,11,-7,-12,8,-12,8,12,8,-19,-38,-17,11,2,-10,-1,-8,-7,4,-2,6,-1,1,-6,12,-4,-4,-16,-1,1,7,12,8,-10,-1,2,-8,-10,4,-1,5,-7,2,-11,4,-3,5,-10,10,-7,-1,5,6,-12,-21,-9,-2,
0,-22,-1,-9,1,10,-6,3,13,3,-6,21,6,-5,-12,7,3,23,-21,-6,4,13,-8,8,26,-14,-35,2,-3,-19,9,-19,-2,-5,-3,-9,0,-4,16,-11,-2,21,-16,7,9,6,8,1,-2,-27,-10,-32,6,-24,0,7,-3,10,-11,-4,-13,-7,8,-10,
15,-7,7,0,-7,3,-11,-3,9,5,5,8,-6,5,1,1,-13,3,-13,9,-7,3,3,7,0,-1,8,3,-8,-16,1,-17,4,-21,-12,-4,6,-9,5,-9,-9,3,-1,-6,10,-7,24,-10,0,-13,-5,11,-8,36,-12,7,-6,3,2,-4,-26,7,-7,-4,
-22,2,-5,5,2,2,-10,7,6,-6,0,-2,-7,-9,3,-11,5,-6,8,-15,-7,-6,1,-4,1,8,-28,1,5,-7,3,-14,1,-13,5,3,6,3,8,4,-4,7,-8,-12,-21,-10,9,2,5,-2,3,21,-5,-20,-2,1,-1,15,-3,6,-18,2,-4,5,
-21,10,12,-10,-22,-27,-4,-7,-21,11,5,-8,3,-12,-10,-19,-45,17,-9,-5,-4,-2,6,-14,-28,-3,-30,-16,2,8,8,-2,2,-20,2,11,3,-14,-32,-3,6,-22,-44,20,-10,-6,15,-7,-35,-6,-1,56,4,-24,17,-3,7,-30,-1,-30,2,-2,1,7,
6,-3,-7,2,3,-21,-7,11,13,-8,-3,1,-3,-8,-1,11,19,-2,-21,-9,9,4,4,2,15,-6,-5,-6,0,-3,6,2,-11,2,-9,-10,1,4,-15,-30,3,16,-12,-22,1,8,-7,-5,-12,-6,-5,-18,11,45,-5,-1,10,-6,0,-3,-4,-3,-11,7,
4,0,5,6,-7,-6,-8,1,12,6,-9,-2,-5,5,-2,-22,-28,-18,-23,1,-1,-11,-10,3,-7,-9,-9,-2,4,-13,-10,-4,-2,11,-3,-2,-2,-4,18,-10,-4,8,12,-12,-17,2,-8,-10,-6,10,-2,-11,17,-95,4,-3,-1,6,-11,8,28,3,0,-10,
17,-4,18,-15,1,-5,0,2,-8,-6,7,-24,1,-8,10,-5,-15,-15,-17,23,-16,-15,10,7,-4,-7,-10,0,-8,4,5,11,-9,0,-13,-9,-2,10,5,-5,2,-7,5,-11,-14,-12,16,6,7,0,2,6,-13,13,-42,9,-4,-1,-3,14,-24,-16,-10,-16,
8,-4,-1,8,-13,7,2,-14,3,-15,-10,-19,5,8,0,11,5,-1,-20,-7,10,0,7,-5,0,-13,1,14,-3,0,-11,7,5,23,-6,-3,0,6,2,-9,-2,-1,-14,-6,1,-10,0,-6,2,-6,-10,-22,14,4,4,-3,-5,7,-7,7,-8,-20,-5,-10,
6,8,-2,5,2,-3,-9,-1,-4,9,-4,-17,-9,-7,-2,1,-9,-11,6,-5,-1,-11,-5,-2,3,-11,46,-8,-1,-9,0,5,-1,-5,-2,-1,-3,-4,3,-10,6,0,-3,2,10,-5,-8,-6,9,7,-10,-36,5,-7,2,1,3,1,-4,-3,-14,-3,8,9,
3,-1,-14,7,-6,14,-18,-14,1,-7,2,-21,7,3,-7,5,1,12,-18,1,4,-7,-3,4,-5,-4,53,-4,-2,-19,2,6,1,17,-3,4,0,4,6,-9,-8,15,6,-3,0,2,-12,-10,8,3,-8,-30,6,22,-4,-2,-10,-8,-5,4,-10,8,-3,-4,
0,8,-10,-1,-7,6,-3,2,-3,-9,9,-2,-8,8,8,-6,11,9,3,-9,1,9,-1,4,12,-13,14,-2,6,-12,8,-1,5,0,-9,-1,8,-4,12,-8,-2,1,-9,-10,-1,-4,-15,8,4,-10,-3,-8,-9,-4,-13,8,-1,-7,9,8,3,7,-7,-14,
-16,-20,-22,-5,-24,-17,10,-6,10,-2,5,-32,4,-12,-2,-2,31,-2,-15,-3,5,0,7,-13,9,-5,-35,12,-15,4,-4,6,5,45,-18,5,-4,-15,-10,-26,1,15,-14,18,4,-11,-12,-3,-17,7,7,-34,10,-4,-3,-16,3,6,-11,13,5,-14,-20,-11,
-4,13,-11,-19,-4,-16,-17,5,9,7,1,-10,8,-2,2,-5,-5,6,10,-11,11,-2,8,0,-5,7,-32,2,18,-6,-6,1,-7,0,14,-2,-8,-4,-26,0,4,9,-3,-9,2,0,-19,6,-25,-19,3,2,-22,-24,-2,-2,1,13,-1,-48,-22,-2,-1,-5,
6,2,-9,9,-5,-7,-12,8,8,-1,4,11,-1,7,3,-17,-16,2,4,-1,-12,-2,-6,4,-9,8,-21,-9,11,-9,-8,-1,4,-29,10,1,7,8,-12,-11,4,-21,2,-4,-2,-4,-14,-5,-6,-9,7,5,-30,-87,-7,-1,0,8,8,-20,-6,0,-1,-11,
19,-9,13,0,-23,-19,4,0,7,-5,0,-33,-4,-8,9,-8,-25,-25,-6,3,1,-30,2,-4,-7,11,-47,12,-3,5,-13,15,6,0,-15,-15,3,-4,-10,1,11,-13,-6,-3,-4,4,-1,7,-11,5,1,0,16,-4,-4,6,-6,-1,-7,-6,-1,6,-9,6,
-12,-6,0,-14,7,1,0,-15,-8,-3,3,-2,2,0,10,12,-10,-6,-6,-7,-3,-6,-11,6,-3,-2,-3,-13,-4,4,-9,-7,3,-13,5,-17,-8,-10,-4,0,-13,-6,-4,-10,-6,-1,22,1,-2,-2,5,21,-11,20,-4,6,-12,9,-4,-14,-13,-10,5,-6,
-6,-18,-56,5,1,-9,6,-5,7,-6,-7,-10,1,-8,-1,-2,11,-9,-34,-2,11,-3,1,-2,15,-11,7,-9,-26,-3,7,15,-7,-16,-8,4,0,9,-20,-9,-4,17,7,-4,5,-7,-18,-8,8,16,-10,-24,-5,8,16,-12,0,2,7,-13,-1,-10,-3,-1,
-5,0,4,-31,-9,-10,7,2,8,-11,-5,5,4,6,-2,-4,10,0,-9,2,1,5,-9,1,12,-3,-52,-17,-8,19,6,-1,-8,-20,0,-1,-10,11,-19,-3,-2,3,5,-17,-4,1,-2,5,-14,8,-4,-18,11,-13,21,-4,2,13,6,0,-4,-10,3,3,
-11,-8,-8,3,-16,-4,0,-12,6,1,5,-48,9,5,-2,1,-12,9,-4,-8,3,0,-10,-11,-4,3,33,-20,-23,-14,-8,-2,2,1,4,8,0,-3,9,-9,5,19,6,25,5,6,-11,-8,12,3,-10,1,-2,-6,4,-1,4,2,7,3,2,-5,2,0,
-8,5,3,-10,-6,-14,-9,-2,2,2,-5,5,-5,3,-1,-11,4,-9,25,-6,1,-5,8,-8,9,7,-4,-14,4,3,-4,10,-4,-11,1,-9,-8,-1,-25,-12,4,0,11,-31,3,2,-39,-6,-15,5,-9,-7,-4,20,1,5,-2,-4,8,-2,-12,0,8,8,
-40,-13,-29,-9,-28,-14,-7,-18,-20,7,-5,7,-4,-11,12,18,-11,-42,1,-10,-19,-19,-19,15,13,-7,-32,-42,-10,0,5,-30,-8,-36,-4,-11,7,-1,2,-9,-5,-8,-22,-17,-15,11,34,-15,-9,12,1,40,-36,34,-24,14,3,21,-3,-8,-49,-14,0,11,
-1,13,-11,-11,-8,-18,3,0,11,4,6,-1,1,6,-9,0,-3,-5,9,1,3,3,-4,5,1,5,-40,-6,5,0,-4,3,-3,-19,8,-1,-9,1,-7,-6,12,11,5,13,4,9,15,3,6,3,-9,16,-4,-8,-4,-8,-1,-9,-8,-7,-6,4,-3,2,
33,0,35,-2,11,3,-1,-12,8,9,-4,17,6,10,9,0,-11,-18,13,21,-9,5,9,-13,5,11,-14,-1,-4,-8,-5,2,3,-20,-1,6,-11,-5,39,4,-7,-12,3,-4,-14,3,-2,11,-13,11,-11,-13,-3,-50,-5,-7,-14,-3,-6,17,-7,5,3,-1,
0,9,6,-1,-15,-9,9,-1,-4,2,9,21,-6,-9,-16,-23,-16,-14,-15,-5,-6,-14,7,4,-14,8,-36,5,16,1,-6,-2,1,-18,3,-11,-4,11,-18,-4,12,-18,-2,-23,-6,-7,-32,3,-20,-4,-6,-16,11,-106,-17,7,3,-28,0,-5,34,2,-6,2,
8,-9,-23,0,11,23,3,-2,-22,-9,-3,28,13,-12,-12,1,-8,13,-6,-6,-16,-1,-10,7,2,-1,12,-2,1,19,-2,0,-3,-34,10,-5,-4,4,-8,-7,-9,-9,4,-17,-13,13,9,4,2,-2,4,-11,1,-58,20,-4,-1,8,2,5,-14,3,0,7,
-14,-4,-16,6,-3,-18,12,11,11,-9,1,-38,-7,5,-3,-10,-20,-18,-14,-19,-4,-3,-9,-8,0,-12,-30,-5,0,2,-7,-4,3,-15,-4,-12,-12,-8,-19,14,3,-23,17,-6,-9,-5,-23,9,-15,-4,-2,-16,11,-62,-24,1,-10,-7,-1,-58,26,8,9,4,
5,4,-63,4,-1,3,4,-6,6,-2,5,11,7,-9,-2,9,-14,-9,-22,-6,-4,-19,-10,1,-7,8,8,-13,-14,17,2,14,2,-25,-7,3,-6,11,-46,-6,-9,-10,1,-12,-12,1,-2,7,-35,9,8,3,-5,-12,5,-5,-6,4,2,-41,22,6,-6,-1,
-2,6,-3,-3,2,-5,-7,-6,-19,-6,13,6,8,4,-3,-51,13,-10,8,-4,-8,-6,8,-4,0,5,-26,3,5,7,-7,-11,-6,-7,10,-8,2,4,-11,-18,9,-22,10,-16,-14,12,-58,-5,-20,-1,7,-18,5,-112,-8,9,4,-13,-7,5,16,10,8,-3,
8,9,-14,-12,-3,-15,-25,-5,11,9,2,-53,3,-8,7,11,-8,-18,-29,-15,2,-13,-10,-9,-10,12,29,6,11,-2,16,0,8,-8,9,12,2,9,1,-26,0,3,-13,4,5,-3,-24,-15,-9,-8,-6,-31,-12,10,9,4,-7,-19,-5,-2,-14,18,-12,3,
-17,72,45,5,-32,-40,31,23,40,-56,-42,28,23,-106,-6,-23,75,26,1,-29,-42,-30,-4,20,-7,36,-55,-20,-34,-39,-1,-1,
-45,-34,7,56,10,-38,-11,-23,46,-9,-27,-4,-26,-38,36,56,-17,-72,-5,4,-36,23,24,-21,-47,13,63,52,40,-18,-60,22,
23,-19,-99,-3,9,-45,67,30,-11,-1,0,-22,53,-9,8,10,44,-8,-8,-38,-2,-12,-52,37,-44,-22,-119,32,-70,-5,45,29,
11,-19,-24,22,38,36,38,-1,-7,-25,-30,-17,30,44,54,-15,29,50,-31,-47,-2,8,103,-14,-36,-56,-6,52,12,-23,-64,-19,
-8,-37,-30,58,13,-4,-34,-3,-52,10,45,8,1,36,48,-6,-56,18,-39,-36,-8,3,53,17,-17,-42,39,37,-34,-39,-23,54,
-34,-21,-15,-10,-8,-6,-22,-8,40,-4,3,2,48,21,-64,-47,57,-25,-7,45,-29,8,6,-54,25,26,20,19,-9,44,-21,-36,
0,0,0,0,0,0,0,0,0,0,0,0,0,0,0,0,0,0,0,0,0,0,0,0,0,0,0,0,0,0,0,0,
0,0,0,0,0,0,0,0,0,0,0,0,0,0,0,0,0,0,0,0,0,0,0,0,0,0,0,0,0,0,0,0,
0,0,0,0,0,0,0,0,0,0,0,0,0,0,0,0,0,0,0,0,0,0,0,0,0,0,0,0,0,0,0,0,0,0,0,0,0,0,0,0,0,0,0,0,0,0,0,0,0,0,0,0,0,0,0,0,0,0,0,0,0,0,0,0,0,0,0,0,0,0,0,0,0,0,0,0,0,0,0,0,0,0,0,0,0,0,0,0,0,0,0,0,0,0,0,0,0,0,0,0,0,0,0,0,0,0,0,0,0,0,0,0,0,0,0,0,0,0,0,0,0,0,0,0,0,0,0,0,0,0,0,0,0,0,0,0,0,0,0,0,0,0,0,0,0,0,0,0,0,0,0,0,0,0,0,0,0,0,0,0,0,0,0,0,0,0,0,0,0,0,0,0,0,0,0,0,0,0,0,0,0,0,0,0,0,0,0,0,0,0,0,0,0,0,0,0,0,0,0,0,0,0,0,0,0,0,0,0,0,0,0,0,0,0,0,0,0,0,0,0,0,0,0,0,0,0,0,0,0,0,0,0,0,0,0,0,0,0,0,0,0,0,0,0,0,0,0,0,0,0,0,0,0,0,0,0,0,0,0,0,0,0,0,0,0,0,0,0,0,0,0,0,0,0,0,0,0,0,0,0,0,0,0,0,0,0,0,0,0,0,0,0,0,0,0,0,0,0,0,0,0,0,0,0,0,0,0,0,0,0,0,0,0,0,0,0,0,0,0,0,0,0,0,0,0,0,0,0,0,0,0,0,0,0,0,0,0,0,0,0,0,0,0,0,0,0,0,0,0,0,0,0,0,0,0,0,0,0,0,0,0,0,0,0,0,0,0,0,0,0,0,0,0,0,0,0,0,0,0,0,0,0,0,0,0,0,0,0,0,0,0,0,0,0,0,0,0,0,0,0,0,0,0,0,0,0,0,0,0,0,0,0,0,0,0,0,0,0,0,0,0,0,0,0,0,0,0,0,0,0,0,0,0,0,0,0,0,0,0,0,0,0,0,0,0,0,0,0,0,0,0,0,0,0,0,0,0,0,0,0,0,0,0,0,0,0,0,0,0,0,0,0,0,0,0,0,0,0,0,0,0,0,0,0,0,0,0,0,0,0,0,0,0,0,0,0,0,0,0,0,0,0,0,0,0,0,0,0,0,0,0,0,0,0,0,0,0,0,0,0,0,0,0,0,0,0,0,0,0,0,0,0,0,0,0,0,0,0,0,0,0,0,0,0,0,0,0,0,0,0,0,0,0,0,0,0,0,0,0,0,0,0,0,0,0,0,0,0,0,0,0,0,0,0,0,0,0,0,0,0,0,0,0,0,0,0,0,0,0,0,0,0,0,0,0,0,0,0,0,0,0,0,0,0,0,0,0,0,0,0,0,0,0,0,0,0,0,0,0,0,0,0,0,0,0,0,0,0,0,0,0,0,0,0,0,0,0,0,0,0,0,0,0,0,0,0,0,0,0,0,0,0,0,0,0,0,0,0,0,0,0,0,0,0,0,0,0,0,0,0,0,0,0,0,0,0,0,0,0,0,0,0,0,0,0,0,0,0,0,0,0,0,0,0,0,0,0,0,0,0,0,0,0,0,0,0,0,0,0,0,0,0,0,0,0,0,0,0,0,0,0,0,0,0,0,0,0,0,0,0,0,0,0,0,0,0,0,0,0,0,0,0,0,0,0,0,0,0,0,0,0,0,0,0,0,0,0,0,0,0,0,0,0,0,0,0,0,0,0,0,0,0,0,0,0,0,0,0,0,0,0,0,0,0,0,0,0,0,0,0,0,0,0,0,0,0,0,0,0,0,0,0,0,0,0,0,0,0,0,0,0,0,0,0,0,0,0,0,0,0,0,0,0,0,0,0,0,0,0,0,0,0,0,0,0,0,0,0,0,0,0,0,0,0,0,0,0,0,0,0,0,0,0,0,0,0,0,0,0,0,0,0,0,0,0,0,0,0,0,0,0,0,0,0,0,0,0,0,0,0,0,0,0,0,0,0,0,0,0,0,0,0,0,0,0,0,0,0,0,0,0,0,0,0,0,0,0,0,0,0,0,0,0,0,0,0,0,0,0,0,0,0,0,0,0,0,0,0,0,0,0,0,0,0,0,0,0,0,0,0,0,0,0,0,0,0,0,0,0,0,0,0,0,0,0,0,0,0,0,0,0,0,0,0,0,0,0,0,0,0,0,0,0,0,0,0,0,0,0,0,0,0,0,0,0,0,0,0,0,0,0,0,0,0,0,0,0,0,0,0,0,0,0,0,0,0,0,0,0,0,0,0,0,0,0,0,0,0,0,0,0,0,0,0,0,0,0,0,0,0,0,0,0,0,0,0,0,0,0,0,0,0,0,0,0,0,0,0,0,0,0,0,0,0,0,0,0,0,0,0,0,0,0,0,0,0,0,0,0,0,0,0,0,0,0,0,0,0,0,0,0,0,0,0,0,0,0,0,0,0,0,0,0,0,0,0,0,0,0,0,0,0,0,0,0,0,0,0,0,0,0,0,0,0,0,0,0,0,0,0,0,0,0,0,0,0,0,0,0,0,0,0,0,0,0,0,0,0,0,0,0,0,0,0,0,0,0,0,0,0,0,0,0,0,0,0,0,0,0,0,0,0,0,0,0,0,0,0,0,0,0,0,0,0,0,0,0,0,0,0,0,0,0,0,0,0,0,0,0,0,0,0,0,0,0,0,0,0,0,0,0,0,0,0,0,0,0,0,0,0,0,0,0,0,0,0,0,0,0,0,0,0,0,0,0,0,0,0,0,0,0,0,0,0,0,0,0,0,0,0,0,0,0,0,0,0,0,0,0,0,0,0,0,0,0,0,0,0,0,0,0,0,0,0,0,0,0,0,0,0,0,0,0,0,0,0,0,0,0,0,0,0,0,0,0,0,0,0,0,0,0,0,0,0,0,0,0,0,0,0,0,0,0,0,0,0,0,0,0,0,0,0,0,0,0,0,0,0,0,0,0,0,0,0,0,0,0,0,0,0,0,0,0,0,0,0,0,0,0,0,0,0,0,0,0,0,0,0,0,0,0,0,0,0,0,0,0,0,0,0,0,0,0,0,0,0,0,0,0,0,0,0,0,0,0,0,0,0,0,0,0,0,0,0,0,0,0,0,0,0,0,0,0,0,0,0,0,0,0,0,0,0,0,0,0,0,0,0,0,0,0,0,0,0,0,0,0,0,0,0,0,0,0,0,0,0,0,0,0,0,0,0,0,0,0,0,0,0,0,0,0,0,0,0,0,0,0,0,0,0,0,0,0,0,0,0,0,0,0,0,0,0,0,0,0,0,0,0,0,0,0,0,0,0,0,0,0,0,0,0,0,0,0,0,0,0,0,0,0,0,0,0,0,0,0,0,0,0,0,0,0,0,0,0,0,0,0,0,0,0,0,0,0,0,0,0,0,0,0,0,0,0,0,0,0,0,0,0,0,0,0,0,0,0,0,0,0,0,0,0,0,0,0,0,0,0,0,0,0,0,0,0,0,0,0,0,0,0,0,0,0,0,0,0,0,0,0,0,0,0,0,0,0,0,0,0,0,0,0,0,0,0,0,0,0,0,0,0,0,0,0,0,0,0,0,0,0,0,0,0,0,0,0,0,0,0,0,0,0,0,0,0,0,0,0,0,0,0,0,0,0,0,0,0,0,0,0,0,0,0,0,0,0,0,0,0,0,0,0,0,0,0,0,0,0,0,0,0,0,0,0,0,0,0,0,0,0,0,0,0,0,0,0,0,0,0,0,0,0,0,0,0,0,0,0,0,0,0,0,0,0,0,0,0,0,0,0,0,0,0,0,0,0,0,0,0,0,0,0,0,0,0,0,0,0,0,0,0,0,0,0,0,0,0,0,0,0,0,0,0,0,0,0,0,0,0,0,0,0,0,0,0,0,0,0,0,0,0,0,0,0,0,0,0,0,0,0,0,0,0,0,0,0,0,0,0,0,0,0,0,0,0,0,0,0,0,0,0,0,0,0,0,0,0,0,0,0,0,0,0,0,0,0,0,0,0,0,0,0,0,0,0,

};