signed char w3 [] = {
1,42,42,5,-4,12,-42,-68,-38,-30,16,13,13,21,10,28,
19,-12,-45,-17,4,-16,10,-12,-48,-44,-15,-18,23,9,37,25,
24,35,-6,39,-4,17,-57,-44,21,4,-34,-20,-21,-3,-7,-25,
-28,-7,15,-17,0,22,-5,18,37,44,-55,-29,-36,-31,13,36,
-13,-19,-52,-70,-4,-20,73,80,-33,-35,12,1,1,-3,-22,22,
-30,-48,4,12,-63,-71,-51,8,-80,-45,18,-20,-3,-41,-26,-9,
-13,-37,-38,-31,4,33,66,61,-39,-11,22,6,4,50,-37,-35,
-10,33,19,2,30,-10,15,25,30,17,-7,-37,-22,-26,-10,-47,
39,30,42,37,-38,-48,3,20,22,2,16,25,-27,-11,-36,-22,
7,39,-6,4,26,-33,-25,-42,34,25,29,9,20,15,3,15,
18,-23,23,26,-26,-38,27,36,-52,-31,23,17,16,-28,42,7,
-12,0,-50,-35,35,-11,1,26,27,56,17,11,-8,-6,-6,6,
-30,6,33,31,-50,-17,-2,-4,-38,-48,20,5,31,9,59,30,
-55,-1,-23,-20,39,2,-20,-5,13,29,19,41,31,5,-47,-46,
20,25,26,22,-44,-17,-35,7,-60,-54,-52,-26,-22,-20,-13,-37,
-12,-30,38,-24,1,-20,-66,-60,-3,22,-16,46,-12,-11,0,-8,
-18,9,7,0,-9,17,-2,-37,-13,-12,-18,8,-39,-27,-50,9,
29,8,47,52,-2,-30,-34,-46,17,-35,-20,-1,6,0,-40,-21,
-36,6,-55,-18,-16,-9,1,32,-14,-26,33,-10,8,-29,8,-44,
41,23,-30,8,9,-8,6,-54,-52,-62,1,-29,-24,0,-21,-1,
-13,-28,18,-8,-13,-35,-25,-37,-28,-79,59,33,-47,-10,15,-36,
9,0,5,37,-4,0,41,-10,6,20,-39,-35,0,14,-16,-23,
2,33,24,48,39,7,-43,-36,34,-8,12,-31,25,15,17,39,
-22,15,43,23,-34,-11,-27,-29,25,30,32,13,-2,-3,45,19,
-17,-18,-10,2,43,14,-57,-82,3,11,-28,24,-22,-26,-41,-42,
-13,33,17,34,-2,24,-72,-36,-23,-21,24,-5,-24,22,-26,11,
12,-5,-12,-31,-22,9,19,30,-75,-38,20,42,2,31,-8,-9,
-10,41,28,16,-21,13,33,47,9,37,-24,25,-29,-27,-12,40,
-35,-3,-24,-34,-70,-81,-127,-91,13,10,31,25,-17,-8,-6,-2,
-27,-38,-52,-48,30,27,47,31,-46,14,-65,-37,57,34,-3,-26,
-30,14,-40,14,-12,-33,29,25,-2,35,26,-39,-10,26,31,-11,
-49,-43,-14,5,-7,36,16,7,28,35,24,36,-11,24,-21,4,
0,0,0,0,0,0,0,0,0,0,0,0,0,0,0,0,0,0,0,0,0,0,0,0,0,0,0,0,0,0,0,0,0,0,0,0,0,0,0,0,0,0,0,0,0,0,0,0,0,0,0,0,0,0,0,0,0,0,0,0,0,0,0,0,0,0,0,0,0,0,0,0,0,0,0,0,0,0,0,0,0,0,0,0,0,0,0,0,0,0,0,0,0,0,0,0,0,0,0,0,0,0,0,0,0,0,0,0,0,0,0,0,0,0,0,0,0,0,0,0,0,0,0,0,0,0,0,0,0,0,0,0,0,0,0,0,0,0,0,0,0,0,0,0,0,0,0,0,0,0,0,0,0,0,0,0,0,0,0,0,0,0,0,0,0,0,0,0,0,0,0,0,0,0,0,0,0,0,0,0,0,0,0,0,0,0,0,0,0,0,0,0,0,0,0,0,0,0,0,0,0,0,0,0,0,0,0,0,0,0,0,0,0,0,0,0,0,0,0,0,0,0,0,0,0,0,0,0,0,0,0,0,0,0,0,0,0,0,0,0,0,0,0,0,0,0,0,0,0,0,0,0,0,0,0,0,0,0,0,0,0,0,0,0,0,0,0,0,0,0,0,0,0,0,0,0,0,0,0,0,0,0,0,0,0,0,0,0,0,0,0,0,0,0,0,0,0,0,0,0,0,0,0,0,0,0,0,0,0,0,0,0,0,0,0,0,0,0,0,0,0,0,0,0,0,0,0,0,0,0,0,0,0,0,0,0,0,0,0,0,0,0,0,0,0,0,0,0,0,0,0,0,0,0,0,0,0,0,0,0,0,0,0,0,0,0,0,0,0,0,0,0,0,0,0,0,0,0,0,0,0,0,0,0,0,0,0,0,0,0,0,0,0,0,0,0,0,0,0,0,0,0,0,0,0,0,0,0,0,0,0,0,0,0,0,0,0,0,0,0,0,0,0,0,0,0,0,0,0,0,0,0,0,0,0,0,0,0,0,0,0,0,0,0,0,0,0,0,0,0,0,0,0,0,0,0,0,0,0,0,0,0,0,0,0,0,0,0,0,0,0,0,0,0,0,0,0,0,0,0,0,0,0,0,0,0,0,0,0,0,0,0,0,0,0,0,0,0,0,0,0,0,0,0,0,0,0,0,0,0,0,0,0,0,0,0,0,0,0,0,0,0,0,0,0,0,0,0,0,0,0,0,0,0,0,0,0,0,0,0,0,0,0,0,0,0,0,0,0,0,0,0,0,0,0,0,0,0,0,0,0,0,0,0,0,0,0,0,0,0,0,0,0,0,0,0,0,0,0,0,0,0,0,0,0,0,0,0,0,0,0,0,0,0,0,0,0,0,0,0,0,0,0,0,0,0,0,0,0,0,0,0,0,0,0,0,0,0,0,0,0,0,0,0,0,0,0,0,0,0,0,0,0,0,0,0,0,0,0,0,0,0,0,0,0,0,0,0,0,0,0,0,0,0,0,0,0,0,0,0,0,0,0,0,0,0,0,0,0,0,0,0,0,0,0,0,0,0,0,0,0,0,0,0,0,0,0,0,0,0,0,0,0,0,0,0,0,0,0,0,0,0,0,0,0,0,0,0,0,0,0,0,0,0,0,0,0,0,0,0,0,0,0,0,0,0,0,0,0,0,0,0,0,0,0,0,0,0,0,0,0,0,0,0,0,0,0,0,0,0,0,0,0,0,0,0,0,0,0,0,0,0,0,0,0,0,0,0,0,0,0,0,0,0,0,0,0,0,0,0,0,0,0,0,0,0,0,0,0,0,0,0,0,0,0,0,0,0,0,0,0,0,0,0,0,0,0,0,0,0,0,0,0,0,0,0,0,0,0,0,0,0,0,0,0,0,0,0,0,0,0,0,0,0,0,0,0,0,0,0,0,0,0,0,0,0,0,0,0,0,0,0,0,0,0,0,0,0,0,0,0,0,0,0,0,0,0,0,0,0,0,0,0,0,0,0,0,0,0,0,0,0,0,0,0,0,0,0,0,0,0,0,0,0,0,0,0,0,0,0,0,0,0,0,0,0,0,0,0,0,0,0,0,0,0,0,0,0,0,0,0,0,0,0,0,0,0,0,0,0,0,0,0,0,0,0,0,0,0,0,0,0,0,0,0,0,0,0,0,0,0,0,0,0,0,0,0,0,0,0,0,0,0,0,0,0,0,0,0,0,0,0,0,0,0,0,0,0,0,0,0,0,0,0,0,0,0,0,0,0,0,0,0,0,0,0,0,0,0,0,0,0,0,0,0,0,0,0,0,0,0,0,0,0,0,0,0,0,0,0,0,0,0,0,0,0,0,0,0,0,0,0,0,0,0,0,0,0,0,0,0,0,0,0,0,0,0,0,0,0,0,0,0,0,0,0,0,0,0,0,0,0,0,0,0,0,0,0,0,0,0,0,0,0,0,0,0,0,0,0,0,0,0,0,0,0,0,0,0,0,0,0,0,0,0,0,0,0,0,0,0,0,0,0,0,0,0,0,0,0,0,0,0,0,0,0,0,0,0,0,0,0,0,0,0,0,0,0,0,0,0,0,0,0,0,0,0,0,0,0,0,0,0,0,0,0,0,0,0,0,0,0,0,0,0,0,0,0,0,0,0,0,0,0,0,0,0,0,0,0,0,0,0,0,0,0,0,0,0,0,0,0,0,0,0,0,0,0,0,0,0,0,0,0,0,0,0,0,0,0,0,0,0,0,0,0,0,0,0,0,0,0,0,0,0,0,0,0,0,0,0,0,0,0,0,0,0,0,0,0,0,0,0,0,0,0,0,0,0,0,0,0,0,0,0,0,0,0,0,0,0,0,0,0,0,0,0,0,0,0,0,0,0,0,0,0,0,0,0,0,0,0,0,0,0,0,0,0,0,0,0,0,0,0,0,0,0,0,0,0,0,0,0,0,0,0,0,0,0,0,0,0,0,0,0,0,0,0,0,0,0,0,0,0,0,0,0,0,0,0,0,0,0,0,0,0,0,0,0,0,0,0,0,0,0,0,0,0,0,0,0,0,0,0,0,0,0,0,0,0,0,0,0,0,0,0,0,0,0,0,0,0,0,0,0,0,0,0,0,0,0,0,0,0,0,0,0,0,0,0,0,0,0,0,0,0,0,0,0,0,0,0,0,0,0,0,0,0,0,0,0,0,0,0,0,0,0,0,0,0,0,0,0,0,0,0,0,0,0,0,0,0,0,0,0,0,0,0,0,0,0,0,0,0,0,0,0,0,0,0,0,0,0,0,0,0,0,0,0,0,0,0,0,0,0,0,0,0,0,0,0,0,0,0,0,0,0,0,0,0,0,0,0,0,0,0,0,0,0,0,0,0,0,0,0,0,0,0,0,0,0,0,0,0,0,0,0,0,0,0,0,0,0,0,0,0,0,0,0,0,0,0,0,0,0,0,0,0,0,0,0,0,0,0,0,0,0,0,0,0,0,0,0,0,0,0,
-21,-29,-48,-8,27,-13,62,17,-4,-17,-36,2,30,-31,36,-3,33,19,-37,-45,7,-34,25,3,20,2,11,-21,-17,-19,3,-19,
-15,-13,-22,-2,-3,-30,-35,-12,7,14,24,-13,-47,9,-9,6,-5,-5,-27,33,-50,21,-12,16,6,-39,7,3,21,27,21,-15,
1,12,-8,20,-14,18,0,-29,-2,-33,31,0,-12,-39,27,10,-11,17,-12,32,19,6,28,40,13,0,-13,1,7,31,-37,-3,
4,-20,-35,6,-27,14,15,1,-4,-3,25,-10,50,40,-21,-19,-50,-10,9,36,6,20,-41,-27,1,-19,47,-4,45,-44,34,9,
-13,-15,-90,-13,25,28,53,4,25,-18,9,-8,89,-9,-4,-17,21,-29,-10,-37,-2,-17,10,15,11,14,76,-49,3,4,23,-20,
-8,6,59,-20,19,49,26,27,1,3,-4,6,26,46,22,-2,-33,14,-9,-45,1,31,-28,-53,8,3,-6,18,-5,-26,-3,0,
3,14,-31,-11,-32,7,3,-28,-19,-15,13,8,-1,-32,-35,-40,-18,6,-2,18,-20,10,13,-3,-6,-35,6,21,24,8,-8,7,
19,-20,18,1,7,13,-25,-14,37,-9,12,-14,-16,30,-17,9,-63,-16,-1,66,-18,6,-34,9,-21,9,17,-19,14,-25,-28,16,
14,-4,-102,33,29,4,28,-26,-30,3,7,-17,77,29,19,39,-7,21,-20,7,14,-27,16,-13,4,5,24,-4,20,54,-8,-21,
9,2,-26,10,13,-28,-13,19,6,-9,-10,15,23,-8,8,22,-14,-13,-9,-38,2,11,-10,52,-6,12,-11,-22,-8,-18,16,18,
3,1,-96,-11,-17,-49,-32,-11,-22,13,-1,16,15,50,43,-12,-9,-19,-32,-33,1,5,-34,-43,-7,-2,-38,-45,4,24,-4,-4,
-17,27,110,-9,-3,3,2,8,24,-27,-8,1,-72,29,7,9,-1,-1,-8,-40,50,-28,0,32,-13,35,-66,24,-25,-24,-32,22,
-2,-30,-54,22,-17,3,-43,-21,-28,9,28,-23,20,39,-30,-61,-5,5,-18,-11,8,-10,-20,-3,-4,-57,-24,-54,3,30,-12,-36,
3,-14,1,-16,-31,9,-3,21,6,8,-7,6,27,12,-35,-13,-47,-15,-10,20,-21,20,-8,12,2,-23,-27,16,5,-40,22,3,
-16,-20,-14,-1,-14,43,1,-11,-12,20,11,20,92,34,-13,16,-32,-15,20,34,13,-8,-31,-36,28,6,14,7,16,33,-12,6,
-17,21,-108,22,3,-73,-40,-15,-8,-3,21,-18,-31,-6,46,6,29,-7,-17,-49,15,-18,28,22,-20,20,-80,7,-31,38,-24,13,
-22,14,-50,-10,-10,-36,-4,-28,8,-10,6,-22,-3,18,-23,-9,20,-19,2,-25,-2,-14,-17,5,3,19,3,-5,-3,32,-7,3,
-7,25,-2,8,-79,-44,-63,-17,-36,12,12,2,-21,60,40,-13,-15,5,-18,-2,-7,4,-4,-19,-28,-81,-86,13,27,-25,3,5,
17,9,-31,-14,-26,-40,4,22,-15,-24,-36,-10,16,29,-4,-1,-32,-19,24,28,-13,27,0,-38,-31,-1,-28,-25,7,-1,-21,-5,
-21,-3,-21,11,6,1,39,-15,8,13,1,17,5,-4,20,-7,-37,-9,-16,-45,-8,-5,1,13,27,-14,8,18,-21,-1,-5,36,
-18,19,-33,17,-13,-13,-6,20,16,-20,-20,-21,-38,-24,-13,-34,35,3,-1,-7,-1,11,7,37,1,-6,39,-11,-19,8,16,-24,
27,-26,-48,19,-78,-36,0,-26,-2,29,17,13,34,48,-3,-18,-15,-8,-18,-34,-31,20,-11,4,-37,-28,-19,7,12,-31,-14,-21,
-14,-17,-23,-23,-9,18,29,17,8,-10,11,-6,-18,-16,18,-16,-38,11,6,53,-22,-15,25,-18,-6,-28,42,-20,18,-44,-24,-26,
0,7,62,37,-1,-22,27,-10,17,-13,-17,-12,-37,7,-16,-15,-13,-7,3,-32,17,8,-33,22,-18,48,45,10,-43,20,-16,5,
8,-8,-82,-46,25,37,-9,23,27,0,-10,-32,31,-64,-65,-38,13,4,36,-34,13,-40,-26,-16,10,-46,-21,-30,25,5,7,-28,
-3,0,-6,23,0,-10,9,-20,-6,-2,9,-9,4,-22,-12,7,-48,15,-23,3,-2,15,-7,20,25,-23,18,18,-40,28,-19,11,
25,0,10,15,17,-41,10,-41,-4,19,19,-22,-41,-90,42,49,29,-12,-9,-21,45,-13,13,0,-20,19,-10,-10,-26,-35,-3,-29,
-18,-32,-52,17,26,21,-9,-28,-22,4,10,-30,-42,-70,-62,-42,23,2,-21,-7,-29,9,21,-9,-10,-82,-29,4,9,30,-19,18,
-17,-31,-67,-21,50,-16,99,-10,23,-15,-48,-23,87,-48,-28,16,-2,-15,10,38,-3,-3,14,13,37,-11,103,-45,-4,-13,6,9,
-23,27,117,-14,16,60,-42,23,11,-13,15,12,-25,15,-25,19,20,-1,-15,11,16,1,-1,-64,-10,3,-16,6,-16,-39,-11,-13,
0,7,-17,-4,40,17,13,1,-2,27,-9,9,90,-11,9,14,28,0,-19,-36,14,14,-5,23,-20,-23,29,-29,15,-13,10,14,
-12,4,-67,-34,9,11,28,21,-18,9,-8,-1,63,22,31,27,30,-9,-1,57,16,-3,39,2,31,-11,3,-17,37,-16,21,11,
-9,-4,38,-22,-28,7,10,-15,-13,17,-13,20,29,29,21,28,-18,13,-4,22,-25,-3,12,-24,21,10,10,36,8,-3,-19,10,
-11,-6,-50,-13,55,24,-5,4,-22,-6,6,-2,66,-41,-36,-54,36,26,-11,5,-5,-19,-16,-102,-1,-73,-11,-32,2,0,-19,-26,
7,-29,35,7,11,-20,-20,3,-20,-8,18,3,-66,-19,-46,-34,-18,18,-5,-10,17,3,9,46,23,-42,-13,-7,-26,9,-4,-18,
-18,25,-77,2,-39,-42,13,-14,-49,-1,1,5,0,52,36,3,22,2,-47,-27,-3,-7,-10,37,-17,3,-3,4,-4,35,6,-13,
11,-12,22,-7,-20,-24,6,6,20,12,-17,-4,-40,-7,-22,16,-42,16,-1,19,-29,-6,-3,-41,-5,27,-12,12,-13,43,23,-3,
-21,25,102,-3,-3,38,-18,8,-18,-8,12,8,-31,-4,25,-7,-13,-11,14,37,22,-35,40,-18,15,1,-11,27,7,23,-28,19,
9,-12,-53,0,26,0,-35,-2,-16,-7,0,-19,25,-15,-39,-29,53,-9,-13,-12,-3,-5,-31,-19,17,10,-5,-20,-26,47,-14,-9,
5,-32,53,-29,-54,-5,22,-21,-4,1,10,-3,-72,-6,-17,12,-51,-9,1,53,-39,36,-2,15,-11,-3,-25,26,9,-21,15,40,
19,18,-15,7,19,1,-1,-3,1,-3,-15,-15,-33,10,-8,13,-16,13,-16,-2,10,-18,4,11,-17,8,-2,-35,11,-30,-25,4,
26,-13,-77,32,6,34,37,-9,23,-27,22,0,68,6,17,10,0,11,-16,-24,3,-16,23,-11,2,14,3,-34,0,5,-29,-20,
-30,6,-16,19,35,-21,35,0,9,-25,-18,-15,-45,-47,-45,-32,17,-11,2,-28,26,15,-8,10,10,-24,4,-27,-13,-28,20,-9,
-12,43,-89,-75,-47,-30,-35,0,-62,-9,-17,-5,29,60,9,-19,1,22,-83,0,-40,3,-15,-27,-7,-61,-79,-16,13,19,6,-19,
3,-12,87,-16,-20,32,-8,2,10,-10,7,-12,12,30,33,0,-13,20,10,46,-15,50,-18,-50,3,-4,-23,28,46,-12,-9,-10,
9,12,54,20,-4,-5,-5,18,29,9,-2,-9,-31,-31,-3,6,8,11,9,-42,40,-3,-1,-3,-14,34,29,17,-24,-14,-6,16,
3,9,-53,20,-22,-44,12,11,5,0,-35,-15,47,-2,7,10,24,13,16,-12,3,-9,-16,56,29,3,18,-14,-15,14,1,-11,
20,9,108,-6,-15,43,13,-14,6,5,-13,25,-50,20,-11,-3,-55,10,17,39,-19,21,3,-13,-7,8,-12,19,43,-25,1,13,
-7,27,97,0,1,23,-8,22,20,-20,-23,2,-23,5,21,32,45,16,-18,-4,26,3,-15,-14,-1,1,3,7,14,-30,2,-18,
-3,-24,25,0,6,-2,48,10,7,-21,-29,-5,16,10,37,9,-22,12,-6,10,45,20,42,-8,14,62,25,10,-8,-3,14,9,
16,21,-12,-30,-61,-57,-21,-5,-2,6,3,20,-17,20,24,-8,-20,5,8,36,-26,4,16,5,-26,8,-54,-15,24,-31,-15,11,
7,24,-22,6,10,-60,13,6,13,-23,-28,-30,5,-8,-32,7,7,-33,15,-33,39,-47,-60,37,-38,46,22,-56,-68,-2,-90,33,
-18,14,-50,-25,15,-50,-7,14,3,-4,4,-11,-64,-5,-1,-3,10,1,9,47,-23,32,33,29,6,-12,-15,-16,20,-47,15,12,
-25,-7,-93,3,13,-33,-15,-35,8,-23,8,-29,49,-4,-23,-62,-21,7,4,-29,-33,-19,-2,26,-8,8,-20,-35,-32,47,-31,-20,
22,18,73,14,16,43,-6,2,-17,22,-11,-10,-27,6,14,25,38,6,-7,4,13,-26,-10,-22,1,-4,-23,42,-9,-4,-18,-21,
5,-31,-5,33,3,-18,42,-4,-20,24,-4,-15,-3,-35,-4,-19,0,5,12,-50,4,-31,-11,17,22,14,45,1,-23,-44,-4,-14,
22,21,-25,24,-14,-3,-20,-24,11,13,-10,3,-30,2,5,-6,-23,24,22,-38,20,-9,30,7,-4,-36,-4,16,-18,-44,-10,-5,
-11,-6,62,-4,-36,8,-15,2,-16,-17,13,-21,-66,6,9,-15,-7,-13,27,-16,44,-18,14,35,-6,0,-48,39,-34,-46,-54,-5,
16,29,-18,-21,-25,-6,-1,-13,-42,-29,0,-11,-83,24,37,-14,-14,10,-20,1,-6,-5,44,31,-8,-32,-3,-3,-17,-59,15,12,
-17,-29,-81,0,-3,39,17,25,-10,-5,-16,-7,50,-19,7,7,-10,1,21,-60,27,-27,10,1,25,-4,10,-21,36,3,-9,24,
-25,-2,-62,39,23,3,36,-24,-17,-22,-29,-13,80,-56,-22,4,31,3,-35,-33,32,-17,-19,28,18,-7,99,-29,21,2,9,4,
-4,-7,66,-10,17,32,4,-4,4,2,17,5,55,13,1,-12,-6,5,-17,30,-12,-11,-1,-23,19,2,43,-18,-28,12,7,9,
20,-32,-9,-20,17,21,-22,-12,10,-20,12,-7,-27,36,-29,-18,-27,-1,19,48,29,15,7,-24,-23,-13,-18,23,16,-36,27,-3,
-16,10,63,7,-5,-9,-7,-24,-21,-5,-5,21,-33,32,32,7,-22,20,16,-1,-1,3,2,30,-1,17,-7,27,-7,25,-6,-1,
2,-13,9,10,-14,1,-5,-1,2,10,7,-10,9,12,-1,-6,-1,-17,7,-4,3,6,1,14,18,-18,-9,42,-13,-1,-2,-13,22,-12,11,7,5,-11,-15,9,-11,5,-13,-5,-7,-16,0,0,19,4,-13,-2,-14,-1,13,4,-6,12,-2,-6,6,-5,13,1,
5,2,5,-6,-2,7,-6,-4,-4,-22,-2,-18,1,38,5,-8,5,6,-23,3,1,5,-8,8,3,-3,-21,9,-4,8,-5,-7,7,7,-1,9,3,9,8,-1,-12,2,4,-3,-9,2,0,8,25,8,2,-4,-8,4,-3,-6,6,-8,9,-6,5,1,0,-10,
3,-4,4,-7,-5,11,14,17,-11,-13,5,-14,-1,-9,-7,3,-7,8,3,-3,-11,-6,-5,-39,-11,36,3,-32,-12,2,-35,-6,-9,-3,-6,-10,6,-21,1,-7,-34,-10,-22,3,9,-11,-11,-1,2,-2,-7,-8,-26,-13,-21,-8,-2,-16,-2,-16,4,17,-45,3,
13,-17,-1,-8,6,-12,-12,7,-16,3,-7,4,0,3,6,-5,-11,-9,6,-2,7,-12,2,-19,14,-7,16,-23,7,-30,-14,-13,-33,3,5,5,-3,6,-7,11,-8,-11,-24,-14,10,-11,-4,1,3,-2,-14,-9,-8,-2,4,-5,1,-15,15,-8,6,-23,-4,10,
-16,5,9,-5,-8,3,-8,9,-7,-3,5,-16,-12,-63,-5,-11,5,8,-1,-9,-4,6,4,21,-16,10,3,-74,3,-2,11,0,-20,-2,-7,13,-5,-1,-9,10,3,8,11,7,-15,1,-16,6,-68,-7,4,-7,-5,11,-12,-2,-5,-3,6,-6,-15,16,-9,-8,
-1,-2,-8,12,-2,-7,-7,-8,-5,-1,-10,11,-2,4,9,-5,9,-3,-69,4,-6,5,14,2,-4,1,17,16,6,-6,7,2,13,5,-11,-1,-6,-1,-7,5,-5,5,-1,-6,11,-1,-6,-1,29,-5,4,4,-1,-9,-11,-4,-10,-5,15,2,2,2,-1,-2,
-20,9,-6,-8,9,3,3,-8,-4,-1,0,9,3,13,-9,7,-11,-11,21,4,8,-4,-12,-9,2,-6,2,24,3,-3,0,10,-35,-2,1,2,0,1,27,-8,12,9,9,-9,-17,-8,-2,13,0,-4,-23,5,13,-5,17,-6,0,1,-27,-8,-12,15,-2,-6,
7,2,0,7,1,3,-3,12,1,-13,-4,-10,4,-13,-2,-2,-1,1,-9,-7,-5,3,0,32,-16,11,-13,42,7,-2,-4,7,-8,-2,2,-3,3,0,-7,-5,-8,9,-4,4,-5,-1,-14,6,-32,5,11,3,-2,9,-2,-5,6,-5,-6,9,-9,17,8,-2,
9,-12,-14,-18,-19,5,12,-5,-4,-127,-12,4,-4,-67,-3,-7,7,14,-21,5,-6,4,-14,-41,-30,24,-6,-42,-3,1,0,2,56,-11,-13,-11,-16,9,17,13,-5,-1,29,-5,0,-5,-24,-8,-57,-15,-2,-6,8,-16,-7,2,2,-20,-1,-3,15,-17,-46,0,
6,2,-7,5,3,0,1,-4,-13,6,-1,-1,5,-45,4,-6,8,0,-5,5,-9,12,-4,-32,-5,28,8,28,4,-2,-6,2,14,7,5,4,9,-9,7,0,-3,-9,0,-3,-6,3,6,5,-25,0,-3,-1,-14,1,3,7,-10,-8,1,-2,-6,-13,-16,0,
-25,7,-17,-6,15,-1,-9,-10,-14,27,-15,10,0,1,6,-7,-10,5,8,-6,-1,-12,-6,-44,-13,-8,12,-18,-10,1,-11,-3,-13,-5,-2,-14,8,1,2,4,25,3,4,0,0,-11,17,-4,7,-10,-10,8,19,0,25,-7,1,1,-31,-2,-6,11,-31,-9,
10,7,-3,4,0,-8,-2,10,-12,-5,-10,3,8,9,4,0,-10,0,-30,-6,-3,-9,-10,6,13,-2,-34,-28,1,2,10,-1,-13,-7,0,4,3,-6,2,6,-13,-5,-33,1,-5,-3,8,7,13,-4,3,9,-7,8,8,-5,-9,-9,13,-6,9,5,3,1,
17,0,17,6,2,-29,-1,6,-4,-2,-5,-12,-4,-39,4,-2,-5,-3,-29,-11,7,-6,-9,-7,-9,-19,1,-29,7,-32,-2,-2,24,7,-18,11,-1,-3,1,6,-6,-11,12,-9,9,-2,11,5,0,-3,-3,10,-3,-6,-31,3,0,-4,-2,-7,-1,-35,-16,5,
-25,11,-11,7,5,5,4,6,9,-2,-3,-8,-8,-47,-7,8,-11,0,-50,-7,-2,7,-2,-12,-3,2,5,5,-7,7,-1,0,16,13,-1,-10,0,9,3,6,12,-7,-7,-16,-7,-15,-5,5,-17,-7,-4,-6,-1,6,7,-2,12,-9,-2,6,-4,-3,-3,-15,
6,-16,8,7,9,-7,1,3,-12,-10,-7,-33,-5,-3,-11,-12,-8,-1,-3,4,10,-8,7,-30,9,-17,-2,-41,-9,-32,-8,-13,24,13,-3,0,-18,1,12,-3,-1,-12,-11,-13,-16,11,21,5,7,-9,-4,-6,-16,-4,-10,10,-8,7,-23,4,7,-29,1,8,
7,3,-4,5,8,-1,-2,1,0,3,-12,-8,-3,-17,10,-1,0,-1,5,-5,10,-7,-4,-16,10,22,18,2,5,0,-36,10,3,-4,2,5,-12,-4,-3,1,-10,-9,12,-6,-2,6,-9,7,5,7,-2,-9,-3,-12,-8,2,1,-9,7,2,2,-2,14,-6,
-29,-8,18,0,-3,-19,4,8,-8,27,-18,8,-13,11,3,8,-7,25,12,-2,13,-4,-11,-19,33,-21,-17,-46,-8,-1,-4,-15,20,-12,9,7,5,3,-18,13,-9,2,-29,-1,-7,-21,-41,-10,37,-4,-6,-11,-7,-31,6,-8,-13,-22,-5,-13,14,-15,11,-21,
-15,6,14,2,2,16,2,-10,5,14,12,-17,-17,-57,-9,-2,2,-9,-72,-9,4,7,-5,-5,-7,1,-3,9,-1,9,5,5,-15,-9,-7,0,2,-2,5,6,7,-2,7,-4,-1,-7,-10,10,-39,-13,-1,2,-15,0,4,-7,3,-8,2,-17,-2,28,-16,-12,
1,-6,13,-4,-15,-14,-6,6,-1,-8,10,-17,5,-13,-2,0,-8,-9,-41,4,-3,-10,8,10,-10,-14,23,41,-1,-8,-3,3,26,-4,13,-8,-9,0,-19,-6,-7,10,-8,-3,10,0,-14,6,-16,10,2,-3,10,2,-1,5,-1,12,0,9,5,-52,-5,0,
8,-1,1,-6,5,-4,5,7,-2,15,-6,-3,-5,-13,5,-3,4,8,-30,9,4,-7,-6,3,-4,-11,-2,-9,-2,6,2,-3,8,-1,8,1,8,-1,-4,-5,-3,5,-12,-8,-7,14,-3,5,-23,1,10,-5,2,4,9,-8,-1,-8,-5,11,7,-6,-9,2,
2,4,2,-13,9,-26,10,6,-18,2,3,-5,-7,-68,7,-9,-8,7,13,1,2,-6,-8,-20,-7,15,-7,-22,-11,-2,-39,2,9,4,5,-12,-6,1,8,4,14,-10,-9,-5,5,-2,15,11,-66,2,-11,-2,1,-15,-9,-3,3,1,3,11,2,4,13,0,
1,-3,0,-11,-3,-3,-2,1,6,-12,7,5,0,15,5,-11,5,2,32,-2,5,5,0,-9,-12,8,13,6,0,0,-16,-1,14,-4,2,4,-9,7,-3,7,5,-8,13,2,11,-5,6,-6,12,9,-1,5,-7,3,-12,8,-13,5,3,4,9,-7,3,-8,
4,-8,-24,-5,-1,-25,-2,-2,3,-19,-2,13,-14,-38,-7,-6,-1,13,-85,11,-11,1,-1,11,-12,-7,-46,-24,6,-6,7,-8,22,-2,-16,-3,6,2,-12,-3,8,-10,-5,-2,-7,2,23,10,-12,5,1,14,-5,-4,12,-8,1,8,3,10,2,-13,-16,-2,
8,-5,8,0,8,-5,9,6,-12,-2,9,-3,0,17,7,4,-9,-5,22,9,5,-1,4,-16,12,16,-4,-12,4,-4,0,-5,-7,1,5,-8,-4,-13,-1,10,-3,-1,-26,-13,2,-4,-8,-12,38,0,-15,1,-10,-9,11,-2,-7,6,5,5,-6,6,-5,-5,
10,-11,1,0,7,11,3,2,-2,-10,-4,-13,-2,0,1,-7,-3,-5,12,-5,9,-9,2,8,7,11,-7,-24,3,-9,12,5,17,3,-11,7,-8,-4,9,9,-6,7,10,-10,-8,4,-11,-5,15,-5,3,6,7,4,1,1,-5,-9,5,-6,9,9,-10,0,
13,4,14,-3,3,-7,-2,7,5,-1,-16,3,0,2,-8,-6,6,6,-5,6,8,-8,-16,30,-17,-18,-15,4,-7,-10,-18,-5,-4,0,6,10,-5,0,8,6,0,-8,-12,-3,-17,2,5,-9,-6,-14,-2,-2,10,-8,-2,8,-4,9,-10,-14,-4,4,-3,-14,
-10,-2,8,10,1,5,10,-2,5,25,10,-3,-6,48,5,-2,7,7,4,5,2,1,1,-3,13,-1,-11,19,-7,1,-26,1,-3,2,1,-1,-8,-5,-7,5,8,-2,0,-2,2,4,-17,-9,45,-5,0,-9,-19,-14,-4,5,-12,7,12,4,-7,6,5,-5,
-8,-7,-2,-4,-11,-7,3,1,-19,-62,8,6,5,-31,-2,-5,-16,-3,-41,0,-2,2,-2,-50,-19,-5,9,5,-13,-8,-16,-9,-13,-3,-14,0,0,-6,-5,-5,4,-2,5,4,-7,-11,-6,-1,-46,-1,-4,3,-11,-20,-3,-1,3,-9,-21,-2,-3,-21,-26,0,
-6,-1,8,11,-5,13,12,-5,-1,3,13,2,5,-19,-12,-11,-10,-1,-23,-14,-4,10,-8,36,-6,-11,-6,37,-7,2,-14,-8,11,-2,10,-7,5,0,-6,-9,11,-2,0,11,-6,-12,12,-5,-45,7,6,-7,2,0,10,3,-4,7,2,1,-13,-7,15,-9,
-4,-1,-4,5,-8,-24,11,-6,-3,-6,4,21,-4,17,4,-4,8,14,0,6,6,-10,9,-6,10,4,-1,-9,6,-7,3,-2,-7,6,3,7,9,-3,-4,-8,-4,5,-8,-4,-9,-3,-8,-9,-10,2,3,-2,8,10,19,3,9,-6,3,2,-8,-2,16,-10,
-6,-4,16,4,-4,-4,-6,-9,4,-18,3,8,-5,-55,3,-1,4,-21,-27,-6,8,-13,-2,-29,8,-26,10,-3,0,-5,-16,-9,-5,-7,20,0,3,12,-15,0,17,1,23,5,1,-2,-7,-13,-32,3,-8,-10,-2,8,-14,-7,14,2,-9,-7,-6,-12,13,-12,
10,-4,7,11,4,-5,3,-7,-6,2,1,-24,3,-24,-2,6,-5,-9,4,10,0,-4,-12,14,-9,7,3,20,-7,-8,1,-12,8,4,4,-4,9,-5,1,0,2,9,1,4,-2,5,-11,-10,-14,-3,2,-7,-6,-8,5,5,-3,8,1,-10,2,-2,-32,-2,
20,44,10,5,18,-38,-75,127,38,10,59,71,46,-25,43,23,11,-19,21,20,-64,-25,-42,15,-26,8,-46,9,8,-29,-43,-5,
-36,22,-7,39,7,5,40,-13,-3,53,37,30,-7,-7,21,32,18,32,9,-2,-28,-12,-38,116,-23,-22,-93,-21,32,34,-55,-21,
23,6,-2,-80,-39,22,-7,1,37,-60,-28,38,-31,-22,-47,-31,44,15,-11,46,6,-29,15,25,8,-26,54,-38,93,29,-6,38,
-9,39,-14,-23,21,23,102,6,-6,-119,-21,52,46,13,-39,77,2,52,-30,54,-26,47,47,-37,-11,-30,-37,-44,-62,3,-23,16,
-21,-31,-41,45,-11,8,-7,-31,-24,-7,-16,1,6,-18,53,-55,-36,-117,-2,47,36,6,16,9,-4,1,12,24,-6,-7,-7,-26,
22,-42,-27,49,26,30,8,-2,3,-29,-14,24,7,-7,3,-9,-23,116,10,-13,-38,22,23,-7,-38,-10,4,28,1,-69,35,-69,
0,0,0,0,0,0,0,0,0,0,0,0,0,0,0,0,0,0,0,0,0,0,0,0,0,0,0,0,0,0,0,0,
0,0,0,0,0,0,0,0,0,0,0,0,0,0,0,0,0,0,0,0,0,0,0,0,0,0,0,0,0,0,0,0,
0,0,0,0,0,0,0,0,0,0,0,0,0,0,0,0,0,0,0,0,0,0,0,0,0,0,0,0,0,0,0,0,0,0,0,0,0,0,0,0,0,0,0,0,0,0,0,0,0,0,0,0,0,0,0,0,0,0,0,0,0,0,0,0,0,0,0,0,0,0,0,0,0,0,0,0,0,0,0,0,0,0,0,0,0,0,0,0,0,0,0,0,0,0,0,0,0,0,0,0,0,0,0,0,0,0,0,0,0,0,0,0,0,0,0,0,0,0,0,0,0,0,0,0,0,0,0,0,0,0,0,0,0,0,0,0,0,0,0,0,0,0,0,0,0,0,0,0,0,0,0,0,0,0,0,0,0,0,0,0,0,0,0,0,0,0,0,0,0,0,0,0,0,0,0,0,0,0,0,0,0,0,0,0,0,0,0,0,0,0,0,0,0,0,0,0,0,0,0,0,0,0,0,0,0,0,0,0,0,0,0,0,0,0,0,0,0,0,0,0,0,0,0,0,0,0,0,0,0,0,0,0,0,0,0,0,0,0,0,0,0,0,0,0,0,0,0,0,0,0,0,0,0,0,0,0,0,0,0,0,0,0,0,0,0,0,0,0,0,0,0,0,0,0,0,0,0,0,0,0,0,0,0,0,0,0,0,0,0,0,0,0,0,0,0,0,0,0,0,0,0,0,0,0,0,0,0,0,0,0,0,0,0,0,0,0,0,0,0,0,0,0,0,0,0,0,0,0,0,0,0,0,0,0,0,0,0,0,0,0,0,0,0,0,0,0,0,0,0,0,0,0,0,0,0,0,0,0,0,0,0,0,0,0,0,0,0,0,0,0,0,0,0,0,0,0,0,0,0,0,0,0,0,0,0,0,0,0,0,0,0,0,0,0,0,0,0,0,0,0,0,0,0,0,0,0,0,0,0,0,0,0,0,0,0,0,0,0,0,0,0,0,0,0,0,0,0,0,0,0,0,0,0,0,0,0,0,0,0,0,0,0,0,0,0,0,0,0,0,0,0,0,0,0,0,0,0,0,0,0,0,0,0,0,0,0,0,0,0,0,0,0,0,0,0,0,0,0,0,0,0,0,0,0,0,0,0,0,0,0,0,0,0,0,0,0,0,0,0,0,0,0,0,0,0,0,0,0,0,0,0,0,0,0,0,0,0,0,0,0,0,0,0,0,0,0,0,0,0,0,0,0,0,0,0,0,0,0,0,0,0,0,0,0,0,0,0,0,0,0,0,0,0,0,0,0,0,0,0,0,0,0,0,0,0,0,0,0,0,0,0,0,0,0,0,0,0,0,0,0,0,0,0,0,0,0,0,0,0,0,0,0,0,0,0,0,0,0,0,0,0,0,0,0,0,0,0,0,0,0,0,0,0,0,0,0,0,0,0,0,0,0,0,0,0,0,0,0,0,0,0,0,0,0,0,0,0,0,0,0,0,0,0,0,0,0,0,0,0,0,0,0,0,0,0,0,0,0,0,0,0,0,0,0,0,0,0,0,0,0,0,0,0,0,0,0,0,0,0,0,0,0,0,0,0,0,0,0,0,0,0,0,0,0,0,0,0,0,0,0,0,0,0,0,0,0,0,0,0,0,0,0,0,0,0,0,0,0,0,0,0,0,0,0,0,0,0,0,0,0,0,0,0,0,0,0,0,0,0,0,0,0,0,0,0,0,0,0,0,0,0,0,0,0,0,0,0,0,0,0,0,0,0,0,0,0,0,0,0,0,0,0,0,0,0,0,0,0,0,0,0,0,0,0,0,0,0,0,0,0,0,0,0,0,0,0,0,0,0,0,0,0,0,0,0,0,0,0,0,0,0,0,0,0,0,0,0,0,0,0,0,0,0,0,0,0,0,0,0,0,0,0,0,0,0,0,0,0,0,0,0,0,0,0,0,0,0,0,0,0,0,0,0,0,0,0,0,0,0,0,0,0,0,0,0,0,0,0,0,0,0,0,0,0,0,0,0,0,0,0,0,0,0,0,0,0,0,0,0,0,0,0,0,0,0,0,0,0,0,0,0,0,0,0,0,0,0,0,0,0,0,0,0,0,0,0,0,0,0,0,0,0,0,0,0,0,0,0,0,0,0,0,0,0,0,0,0,0,0,0,0,0,0,0,0,0,0,0,0,0,0,0,0,0,0,0,0,0,0,0,0,0,0,0,0,0,0,0,0,0,0,0,0,0,0,0,0,0,0,0,0,0,0,0,0,0,0,0,0,0,0,0,0,0,0,0,0,0,0,0,0,0,0,0,0,0,0,0,0,0,0,0,0,0,0,0,0,0,0,0,0,0,0,0,0,0,0,0,0,0,0,0,0,0,0,0,0,0,0,0,0,0,0,0,0,0,0,0,0,0,0,0,0,0,0,0,0,0,0,0,0,0,0,0,0,0,0,0,0,0,0,0,0,0,0,0,0,0,0,0,0,0,0,0,0,0,0,0,0,0,0,0,0,0,0,0,0,0,0,0,0,0,0,0,0,0,0,0,0,0,0,0,0,0,0,0,0,0,0,0,0,0,0,0,0,0,0,0,0,0,0,0,0,0,0,0,0,0,0,0,0,0,0,0,0,0,0,0,0,0,0,0,0,0,0,0,0,0,0,0,0,0,0,0,0,0,0,0,0,0,0,0,0,0,0,0,0,0,0,0,0,0,0,0,0,0,0,0,0,0,0,0,0,0,0,0,0,0,0,0,0,0,0,0,0,0,0,0,0,0,0,0,0,0,0,0,0,0,0,0,0,0,0,0,0,0,0,0,0,0,0,0,0,0,0,0,0,0,0,0,0,0,0,0,0,0,0,0,0,0,0,0,0,0,0,0,0,0,0,0,0,0,0,0,0,0,0,0,0,0,0,0,0,0,0,0,0,0,0,0,0,0,0,0,0,0,0,0,0,0,0,0,0,0,0,0,0,0,0,0,0,0,0,0,0,0,0,0,0,0,0,0,0,0,0,0,0,0,0,0,0,0,0,0,0,0,0,0,0,0,0,0,0,0,0,0,0,0,0,0,0,0,0,0,0,0,0,0,0,0,0,0,0,0,0,0,0,0,0,0,0,0,0,0,0,0,0,0,0,0,0,0,0,0,0,0,0,0,0,0,0,0,0,0,0,0,0,0,0,0,0,0,0,0,0,0,0,0,0,0,0,0,0,0,0,0,0,0,0,0,0,0,0,0,0,0,0,0,0,0,0,0,0,0,0,0,0,0,0,0,0,0,0,0,0,0,0,0,0,0,0,0,0,0,0,0,0,0,0,0,0,0,0,0,0,0,0,0,0,0,0,0,0,0,0,0,0,0,0,0,0,0,0,0,0,0,0,0,0,0,0,0,0,0,0,0,0,0,0,0,0,0,0,0,0,0,0,0,0,0,0,0,0,0,0,0,0,0,0,0,0,0,0,0,0,0,0,0,0,0,0,0,0,0,0,0,0,0,0,0,0,0,0,0,0,0,0,0,0,0,0,0,0,0,0,0,0,0,0,0,0,0,0,0,0,0,0,0,0,0,0,0,0,0,0,0,0,0,0,0,0,0,0,0,0,0,0,0,0,0,0,0,0,0,0,0,0,0,0,0,0,0,0,0,0,0,0,0,0,0,0,0,0,0,0,0,0,0,0,0,0,0,0,0,0,0,0,0,0,0,0,0,0,0,0,0,0,0,0,0,0,0,0,0,0,0,0,0,0,0,0,0,0,0,0,0,0,0,0,0,0,0,0,0,0,0,0,0,0,0,0,0,0,0,0,0,0,0,0,0,0,0,0,0,0,0,0,0,0,0,0,0,0,0,0,0,0,0,0,0,0,0,0,0,0,0,0,0,0,0,0,0,0,0,0,0,0,0,0,0,0,0,0,0,0,0,0,0,0,0,0,0,0,0,0,0,0,0,0,0,0,0,0,0,0,0,0,0,0,0,0,0,0,0,0,0,0,0,0,0,0,0,0,0,0,0,0,0,0,0,0,0,0,0,0,0,0,0,0,0,0,0,0,0,0,0,0,0,0,0,0,0,0,0,0,0,0,0,0,0,0,0,

};